0.005 0.0 0.0
0.015 0.0 0.0
0.025 0.0 0.0
0.035 0.0 0.0
0.045 0.0 0.0
0.055 0.0 0.0
0.065 0.0 0.0
0.075 0.0 0.0
0.085 0.0 0.0
0.095 0.0 0.0
0.105 0.0 0.0
0.115 0.0 0.0
0.125 0.0 0.0
0.135 0.0 0.0
0.145 0.0 0.0
0.155 0.0 0.0
0.165 0.0 0.0
0.17500000000000002 0.0 0.0
0.185 0.0 0.0
0.195 0.0 0.0
0.20500000000000002 0.0 0.0
0.215 0.0 0.0
0.225 0.0 0.0
0.23500000000000001 0.0 0.0
0.245 0.0 0.0
0.255 0.0 0.0
0.265 0.0 0.0
0.275 0.0 0.0
0.28500000000000003 0.0 0.0
0.295 0.0 0.0
0.305 0.0 0.0
0.315 0.0 0.0
0.325 0.0 0.0
0.335 0.0 0.0
0.34500000000000003 0.0 0.0
0.355 0.0 0.0
0.365 0.0 0.0
0.375 0.0 0.0
0.385 0.0 0.0
0.395 0.0 0.0
0.405 0.0 0.0
0.41500000000000004 0.0 0.0
0.425 0.0 0.0
0.435 0.0 0.0
0.445 0.0 0.0
0.455 0.0 0.0
0.465 0.0 0.0
0.47500000000000003 0.0 0.0
0.485 0.0 0.0
0.495 0.0 0.0
0.505 0.0 0.0
0.515 0.0 0.0
0.525 0.0 0.0
0.535 0.0 0.0
0.545 0.0 0.0
0.555 0.0 0.0
0.5650000000000001 0.0 0.0
0.5750000000000001 0.0 0.0
0.585 0.0 0.0
0.595 0.0 0.0
0.605 0.0 0.0
0.615 0.0 0.0
0.625 0.0 0.0
0.635 0.0 0.0
0.645 0.0 0.0
0.655 0.0 0.0
0.665 0.0 0.0
0.675 0.0 0.0
0.685 0.0 0.0
0.6950000000000001 0.0 0.0
0.705 0.0 0.0
0.715 0.0 0.0
0.725 0.0 0.0
0.735 0.0 0.0
0.745 0.0 0.0
0.755 0.0 0.0
0.765 0.0 0.0
0.775 0.0 0.0
0.785 0.0 0.0
0.795 0.0 0.0
0.805 0.0 0.0
0.8150000000000001 0.0 0.0
0.8250000000000001 0.0 0.0
0.835 0.0 0.0
0.845 0.0 0.0
0.855 0.0 0.0
0.865 0.0 0.0
0.875 0.0 0.0
0.885 0.0 0.0
0.895 0.0 0.0
0.905 0.0 0.0
0.915 0.0 0.0
0.925 0.0 0.0
0.935 0.0 0.0
0.9450000000000001 0.0 0.0
0.9550000000000001 0.0 0.0
0.965 0.0 0.0
0.975 0.0 0.0
0.985 0.0 0.0
0.995 0.0 0.0
1.0050000000000001 0.0 0.0
1.0150000000000001 0.0 0.0
1.025 0.0 0.0
1.035 0.0 0.0
1.045 0.0 0.0
1.055 0.0 0.0
1.065 0.0 0.0
1.075 0.0 0.0
1.085 0.0 0.0
1.095 0.0 0.0
1.105 0.0 0.0
1.115 0.0 0.0
1.125 0.0 0.0
1.135 0.0 0.0
1.145 0.0 0.0
1.155 0.0 0.0
1.165 0.0 0.0
1.175 0.0 0.0
1.185 0.0 0.0
1.195 0.0 0.0
1.205 0.0 0.0
1.215 0.0 0.0
1.225 0.0 0.0
1.235 0.0 0.0
1.245 0.0 0.0
1.2550000000000001 0.0 0.0
1.2650000000000001 0.0 0.0
1.2750000000000001 0.0 0.0
1.285 0.0 0.0
1.295 0.0 0.0
1.305 0.0 0.0
1.315 0.0 0.0
1.325 0.0 0.0
1.335 0.0 0.0
1.345 0.0 0.0
1.355 0.0 0.0
1.365 0.0 0.0
1.375 0.0 0.0
1.385 0.0 0.0
1.395 0.0 0.0
1.405 0.0 0.0
1.415 0.0 0.0
1.425 0.0 0.0
1.435 0.0 0.0
1.445 0.0 0.0
1.455 0.0 0.0
1.465 0.0 0.0
1.475 0.0 0.0
1.485 0.0 0.0
1.495 0.0 0.0
1.5050000000000001 0.0 0.0
1.5150000000000001 0.0 0.0
1.5250000000000001 0.0 0.0
1.5350000000000001 0.0 0.0
1.545 0.0 0.0
1.555 0.0 0.0
1.565 0.0 0.0
1.575 0.0 0.0
1.585 0.0 0.0
1.595 0.0 0.0
1.605 0.0 0.0
1.615 0.0 0.0
1.625 0.0 0.0
1.635 0.0 0.0
1.645 0.0 0.0
1.655 0.0 0.0
1.665 0.0 0.0
1.675 0.0 0.0
1.685 0.0 0.0
1.695 0.0 0.0
1.705 0.0 0.0
1.715 0.0 0.0
1.725 0.0 0.0
1.735 0.0 0.0
1.745 0.0 0.0
1.7550000000000001 0.0 0.0
1.7650000000000001 0.0 0.0
1.7750000000000001 0.0 0.0
1.7850000000000001 0.0 0.0
1.795 0.0 0.0
1.805 0.0 0.0
1.815 0.0 0.0
1.825 0.0 0.0
1.835 0.0 0.0
1.845 0.0 0.0
1.855 0.0 0.0
1.865 0.0 0.0
1.875 0.0 0.0
1.885 0.0 0.0
1.895 0.0 0.0
1.905 0.0 0.0
1.915 0.0 0.0
1.925 0.0 0.0
1.935 0.0 0.0
1.945 0.0 0.0
1.955 0.0 0.0
1.965 0.0 0.0
1.975 0.0 0.0
1.985 0.0 0.0
1.995 0.0 0.0
2.005 0.0 0.0
2.015 0.0 0.0
2.025 0.0 0.0
2.035 0.0 0.0
2.045 0.0 0.0
2.055 0.0 0.0
2.065 0.0 0.0
2.075 0.0 0.0
2.085 0.0 0.0
2.095 0.0 0.0
2.105 0.0 0.0
2.115 0.0 0.0
2.125 0.0 0.0
2.1350000000000002 0.0 0.0
2.145 0.0 0.0
2.1550000000000002 0.0 0.0
2.165 0.0 0.0
2.1750000000000003 0.0 0.0
2.185 0.0 0.0
2.195 0.0 0.0
2.205 0.0 0.0
2.215 0.0 0.0
2.225 0.0 0.0
2.235 0.0 0.0
2.245 0.0 0.0
2.255 0.0 0.0
2.265 0.0 0.0
2.275 0.0 0.0
2.285 0.0 0.0
2.295 0.0 0.0
2.305 0.0 0.0
2.315 0.0 0.0
2.325 0.0 0.0
2.335 0.0 0.0
2.345 0.0 0.0
2.355 0.0 0.0
2.365 0.0 0.0
2.375 0.0 0.0
2.3850000000000002 0.0 0.0
2.395 0.0 0.0
2.4050000000000002 0.0 0.0
2.415 0.0 0.0
2.4250000000000003 0.0 0.0
2.435 0.0 0.0
2.445 0.0 0.0
2.455 0.0 0.0
2.465 0.0 0.0
2.475 0.0 0.0
2.485 0.0 0.0
2.495 0.0 0.0
2.505 0.0 0.0
2.515 0.0 0.0
2.525 0.0 0.0
2.535 0.0 0.0
2.545 0.0 0.0
2.555 0.0 0.0
2.565 0.0 0.0
2.575 0.0 0.0
2.585 0.0 0.0
2.595 0.0 0.0
2.605 0.0 0.0
2.615 0.0 0.0
2.625 0.0 0.0
2.6350000000000002 0.0 0.0
2.645 0.0 0.0
2.6550000000000002 0.0 0.0
2.665 0.0 0.0
2.6750000000000003 0.0 0.0
2.685 0.0 0.0
2.695 0.0 0.0
2.705 0.0 0.0
2.715 0.0 0.0
2.725 0.0 0.0
2.735 0.0 0.0
2.745 0.0 0.0
2.755 0.0 0.0
2.765 0.0 0.0
2.775 0.0 0.0
2.785 0.0 0.0
2.795 0.0 0.0
2.805 0.0 0.0
2.815 0.0 0.0
2.825 0.0 0.0
2.835 0.0 0.0
2.845 0.0 0.0
2.855 0.0 0.0
2.865 0.0 0.0
2.875 0.0 0.0
2.8850000000000002 0.0 0.0
2.895 0.0 0.0
2.9050000000000002 0.0 0.0
2.915 0.0 0.0
2.9250000000000003 0.0 0.0
2.935 0.0 0.0
2.945 0.0 0.0
2.955 0.0 0.0
2.965 0.0 0.0
2.975 0.0 0.0
2.985 0.0 0.0
2.995 0.0 0.0
3.005 0.0 0.0
3.015 0.0 0.0
3.025 0.0 0.0
3.035 0.0 0.0
3.045 0.0 0.0
3.055 0.0 0.0
3.065 0.0 0.0
3.075 0.0 0.0
3.085 0.0 0.0
3.095 0.0 0.0
3.105 0.0 0.0
3.115 0.0 0.0
3.125 0.0 0.0
3.1350000000000002 0.0 0.0
3.145 0.0 0.0
3.1550000000000002 0.0 0.0
3.165 0.0 0.0
3.1750000000000003 0.0 0.0
3.185 0.0 0.0
3.1950000000000003 0.0 0.0
3.205 0.0 0.0
3.215 0.0 0.0
3.225 0.0 0.0
3.235 0.0 0.0
3.245 0.0 0.0
3.255 0.0 0.0
3.265 0.0 0.0
3.275 0.0 0.0
3.285 0.0 0.0
3.295 0.0 0.0
3.305 0.0 0.0
3.315 0.0 0.0
3.325 0.0 0.0
3.335 0.0 0.0
3.345 0.0 0.0
3.355 0.0 0.0
3.365 0.0 0.0
3.375 0.0 0.0
3.3850000000000002 0.0 0.0
3.395 0.0 0.0
3.4050000000000002 0.0 0.0
3.415 0.0 0.0
3.4250000000000003 0.0 0.0
3.435 0.0 0.0
3.4450000000000003 0.0 0.0
3.455 0.0 0.0
3.465 0.0 0.0
3.475 0.0 0.0
3.485 0.0 0.0
3.495 0.0 0.0
3.505 0.0 0.0
3.515 0.0 0.0
3.525 0.0 0.0
3.535 0.0 0.0
3.545 0.0 0.0
3.555 0.0 0.0
3.565 0.0 0.0
3.575 0.0 0.0
3.585 0.0 0.0
3.595 0.0 0.0
3.605 0.0 0.0
3.615 0.0 0.0
3.625 0.0 0.0
3.6350000000000002 0.0 0.0
3.645 0.0 0.0
3.6550000000000002 0.0 0.0
3.665 0.0001571480857638406 2.0242874002279347e-7
3.6750000000000003 0.00015629402218826806 4.0485748004558695e-7
3.685 0.0 4.0485748004558695e-7
3.6950000000000003 0.0 4.0485748004558695e-7
3.705 0.0003075463874252933 8.097149600911739e-7
3.715 0.00015294645810881008 1.0121437001139674e-6
3.725 0.0001521263718316707 1.2145724401367608e-6
3.735 0.0 1.2145724401367608e-6
3.745 0.0 1.2145724401367608e-6
3.755 0.0001497053025311942 1.4170011801595543e-6
3.765 0.0002978222236247635 1.821858660205141e-6
3.775 0.0 1.821858660205141e-6
3.785 0.00014734157309550594 2.0242874002279343e-6
3.795 0.0007328304646334438 3.0364311003419027e-6
3.805 0.0002915934377643301 3.4412885803874897e-6
3.815 0.00043510016107110167 4.04857480045587e-6
3.825 0.000432828102743315 4.655861020524251e-6
3.835 0.0005740983930899995 5.465575980615426e-6
3.845 0.0007138950881243278 6.4777196807293945e-6
3.855 0.0005681569265124939 7.2874346408205684e-6
3.865 0.000989136262726251 8.704435820980121e-6
3.875 0.0015463448526668202 1.0931151961230841e-5
3.8850000000000002 0.0011188323716985527 1.2550581881413184e-5
3.895 0.0015305053257984257 1.4777298021663904e-5
3.9050000000000002 0.0022148024307901168 1.8016157862028586e-5
3.915 0.003167534761759423 2.267201888255282e-5
3.9250000000000003 0.0035624691607960197 2.793516612314543e-5
3.935 0.002726450461480066 3.198374092360129e-5
3.9450000000000003 0.00366207166608897 3.7449316904216776e-5
3.955 0.00458820731103572 4.4331894064991854e-5
3.9650000000000003 0.004028023204879867 5.040475626567574e-5
3.975 0.006145265618247131 5.9716478306724376e-5
3.985 0.006114462346472478 6.9028200347773e-5
3.995 0.006348407059400267 7.874477986886723e-5
4.005 0.007501133793428959 9.028321805016663e-5
4.015 0.006940038320015893 0.00010101194127137483
4.025 0.008469127799406668 0.00011416980937285659
4.035 0.010890537335999918 0.00013117382353477138
4.045 0.01096576602634942 0.00014838026643670783
4.055 0.009884759576095756 0.00016396727941846205
4.065 0.010985869985164659 0.0001813761510604213
4.075 0.012457415620497984 0.00020121416758265393
4.085 0.014167427753575329 0.0002238861864652056
4.095 0.017497020265456867 0.0002520237813283723
4.105 0.01678555027997044 0.0002791492324914251
4.115 0.018449268235929947 0.0003091086860147969
4.125 0.01960046122841479 0.0003410924269383964
4.135 0.022345221191187058 0.0003777320288825199
4.1450000000000005 0.021377518476039643 0.0004129546296464839
4.155 0.025676412931623174 0.0004554646650512681
4.165 0.02640504040162297 0.0004993917016362118
4.175 0.03184930089323046 0.0005526304602622131
4.1850000000000005 0.02844318291891306 0.0006004036429076034
4.195 0.03166628480542892 0.0006538448302736329
4.205 0.03724600623780398 0.0007170025971607567
4.215 0.0374259225702297 0.0007807676502679489
4.225 0.03606646125754585 0.0008425084159749136
4.235 0.04154559631159337 0.0009139657612029753
4.245 0.04650420660037673 0.000994329970992042
4.255 0.048267892294892936 0.0010781354693614957
4.265 0.052799577736001024 0.0011702405460718866
4.275 0.058674392094769545 0.0012730743460034873
4.285 0.05874573922491514 0.0013765154321551572
4.295 0.0640794561339728 0.0014898755265679538
4.305 0.06446548389203129 0.0016044501934208857
4.315 0.06598094217526067 0.0017222637201141791
4.325 0.07244692115564283 0.0018522229712088425
4.335 0.07447190354204249 0.0019864332258439856
4.345 0.07759559002339929 0.0021269187714197746
4.355 0.08569816805924751 0.0022827889012371864
4.365 0.08984822271676461 0.002446958609395524
4.375 0.08888655216363886 0.002610116173853749
4.385 0.09429987190482395 0.002784002461533181
4.3950000000000005 0.09704034730437273 0.002963759182673341
4.405 0.10573811781583181 0.003160519917975376
4.415 0.10439333091583676 0.0033556612233571897
4.425 0.11092922081784973 0.00356396039684047
4.4350000000000005 0.11472223399766553 0.003780356719924667
4.445 0.1123904340937308 0.003993311754428474
4.455 0.12390466243911324 0.004229141236554833
4.465 0.12896192373243967 0.004475699441902388
4.4750000000000005 0.1411404960861158 0.0047467515247926785
4.485 0.14376488294297068 0.005024078898623663
4.495 0.1492897463404345 0.005313349568115982
4.505 0.15330807735294721 0.005611729530909301
4.515 0.16163839849308928 0.005927720794084447
4.525 0.1723678449576186 0.006266181647402146
4.535 0.1733533399079052 0.006608083789300345
4.545 0.18189023103232407 0.006968406946540604
4.555 0.18597586054215334 0.007338446683301909
4.565 0.20167257579519515 0.007741482304686937
4.575 0.2140032320386446 0.00817103609101493
4.585 0.2315462615149457 0.008637836765508654
4.595 0.2382375214066255 0.009120224452984566
4.605 0.24516715912764706 0.009618806439662451
4.615 0.25124168973896965 0.010131963295621873
4.625 0.25814957768182994 0.010661516879523122
4.635 0.2774740476946009 0.01123317564134933
4.6450000000000005 0.28498775673191484 0.011822850561036713
4.655 0.30451364559434213 0.012455642802348727
4.665 0.31339410145734353 0.01310969006136429
4.675 0.32161638053813274 0.013783777765642317
4.6850000000000005 0.33870945409611913 0.014496731788004385
4.695 0.3516321999033322 0.015240050121370365
4.705 0.35900697311915863 0.016002194327558592
4.715 0.3806534952147867 0.01681373114631238
4.7250000000000005 0.40873212232624545 0.017688830589433692
4.735 0.40719581542224736 0.018564334890035273
4.745 0.4213255500191105 0.01947404964770063
4.755 0.43748020226968687 0.020422630723450387
4.765 0.47348369641491217 0.02145360029639017
4.775 0.4827046014988744 0.022509063746873028
4.785 0.49709931401964874 0.02360055951307943
4.795 0.5224786249427316 0.02475258147255427
4.805 0.5334715238693938 0.025933753170591576
4.815 0.5540196468770483 0.02716553205363416
4.825 0.5780198073212448 0.0284560152712838
4.835 0.5882726139308908 0.02977483851253641
4.845 0.6039212247461877 0.031134349930533746
4.855 0.6166599153012352 0.03252827423433475
4.865 0.6551525028594944 0.03401531575853289
4.875 0.6837318910357659 0.03557361219920887
4.885 0.7022533777272569 0.03718069396623316
4.8950000000000005 0.6989465658706852 0.0387867635895593
4.905 0.7285619554975702 0.04046773184669106
4.915 0.7453481186812608 0.04219444899906589
4.925 0.7589461989274984 0.04395983004079056
4.9350000000000005 0.7851689550917685 0.04579363199665003
4.945 0.7920963054276253 0.04765111811509029
4.955 0.8206269780675797 0.04958330043860663
4.965 0.8344503738524699 0.051555968510122695
4.9750000000000005 0.8589019765690113 0.053594628350876236
4.985 0.8691352878789512 0.05566587921877603
4.995 0.894846815213191 0.057806968001992025
5.005 0.9148688744036262 0.060004736832403066
5.015 0.9417743683194333 0.062276189724189024
5.025 0.950151151001147 0.06457699478327436
5.035 0.9568720020622236 0.06690330586360117
5.045 0.9850121686584505 0.06930755200882975
5.055 0.9931794117640759 0.0717413527500979
5.065 1.0169901646841475 0.07424337197675628
5.075 1.028148282926108 0.07678284052031915
5.085 1.0440273009784364 0.07937170167645068
5.095 1.0594485979516832 0.08200914573018621
5.105 1.0708533412838421 0.08468545610200742
5.115 1.0837744864824161 0.08740468136670798
5.125 1.0942561297164253 0.09016095109083652
5.135 1.1060088803974981 0.0929577065629736
5.1450000000000005 1.1003580938613775 0.09575102074653749
5.155 1.11682510498946 0.09859716883124757
5.165 1.1353719768637653 0.10150181882182527
5.175 1.136742167378394 0.10442124611042515
5.1850000000000005 1.1304772729854253 0.10733581510925712
5.195 1.1400514317395916 0.1102864164238141
5.205 1.1565560026658221 0.11329126864070704
5.215 1.1687344800382418 0.1163394406079597
5.2250000000000005 1.1702959969720714 0.11940340201693238
5.235 1.1577417456920889 0.12244610840820191
5.245 1.1618483560540875 0.12551128438961281
5.255 1.1680556286149844 0.12860459796589344
5.265 1.1620236701180604 0.13169366053863385
5.275 1.1622495244660147 0.13479507126456503
5.285 1.151129386148149 0.13787846583266086
5.295 1.1543895861556825 0.14098230570348783
5.305 1.1605422161029906 0.14411448559788903
5.315 1.1520695500626572 0.14723553191159605
5.325 1.1468532886074834 0.15035414908039293
5.335 1.156352314592712 0.15351041799486334
5.345 1.139099468522561 0.15663126187977927
5.355 1.1441239928150384 0.15977761178599356
5.365 1.1475631176414087 0.1629452167099196
5.375 1.1381826461713833 0.16609865162200374
5.385 1.125369840657982 0.16922819994279692
5.3950000000000005 1.1027810289407243 0.1723063313636719
5.405 1.1227650075622397 0.17545187155493006
5.415 1.1067439433341273 0.1785640110040667
5.425 1.1178727933684174 0.18171906534608442
5.4350000000000005 1.07460333416634 0.18476318873852757
5.445 1.0944396237815026 0.18787492333014716
5.455 1.0836917564715403 0.1909674271914626
5.465 1.0675730416524287 0.19402511330949007
5.4750000000000005 1.0702961663113189 0.19710182772908486
5.485 1.0548904749322914 0.2001453438353148
5.495 1.0336476249488487 0.20313845518528037
5.505 1.0425726577590586 0.20616840856592203
5.515 1.0061073204808963 0.20910301801005843
5.525 1.000670698084596 0.2120323643069182
5.535 1.0059463283339098 0.21498782391127386
5.545 0.9732127914506986 0.21785745372984114
5.555 0.964239614277298 0.22071088924920562
5.565 0.9535524424104354 0.22354286732211134
5.575 0.9528513063808512 0.22638294254462127
5.585 0.9468029627353735 0.22921512304627817
5.595 0.9192813723169497 0.23197483405902497
5.605 0.9427457823946574 0.23481511171030042
5.615 0.9294151055385519 0.23762522747929993
5.625 0.921310102153178 0.2404207683790415
5.635 0.9133232037003669 0.24320193683823774
5.6450000000000005 0.888760482931882 0.2459179232431191
5.655 0.9164454004898944 0.24872844386958776
5.665 0.8778918998539215 0.25143026026266857
5.675 0.863592903000244 0.2540974613412121
5.6850000000000005 0.8749261790322944 0.2568091967425539
5.695 0.8478405176307167 0.25944623593886085
5.705 0.8529777723467247 0.26210857872764315
5.715 0.8445019047015906 0.26475371507351103
5.7250000000000005 0.81978603644884 0.267330430505258
5.735 0.8176997854324497 0.26990957508188784
5.745 0.8122973995660662 0.27248062250891303
5.755 0.8102417251894122 0.2750540990808289
5.765 0.7864741692873172 0.27756077416855046
5.775 0.7715373278472049 0.2800283805094236
5.785 0.7881098370659999 0.282557727615969
5.795 0.7560382247122123 0.2849925405009408
5.805 0.7628943482368459 0.2874579201256728
5.815 0.7452907474453255 0.28987471685278826
5.825 0.7457201218437782 0.29230123015945897
5.835 0.7368425241150379 0.2947070957345846
5.845 0.7261676904084098 0.2970862407160353
5.855 0.7114359080759548 0.2994251023782453
5.865 0.711712000767596 0.3017728709050104
5.875 0.71051434075748 0.304124688006573
5.885 0.6815890561721293 0.30638844860623143
5.8950000000000005 0.6841986948133154 0.30866860593382206
5.905 0.679522379731349 0.3109408685405749
5.915 0.6785540021997604 0.31321758457962945
5.925 0.6739204457334519 0.3154864058977833
5.9350000000000005 0.6696737952700417 0.3177485470675156
5.945 0.6563737356154098 0.3199732389203619
5.955 0.6380996027551555 0.32214327501343487
5.965 0.6367924649267995 0.32431614510881385
5.9750000000000005 0.6427630423742937 0.3265167479415836
5.985 0.6208757162706312 0.328649537146444
5.995 0.6128154125077118 0.33076167861982886
6.005 0.6109517065146939 0.3328744273794317
6.015000000000001 0.6037294749447165 0.3349691599811813
6.025 0.6044600657720313 0.3370734067337041
6.035 0.6003141511206309 0.33917016362285946
6.045 0.5937084450909964 0.3412507262127846
6.055 0.5862218769195902 0.3433118556437389
6.065 0.5787240308912803 0.34535334948688456
6.075 0.5817391798430098 0.34741225220171257
6.085 0.5700233263150593 0.3494363371732471
6.095 0.5640064571459028 0.35144564484668883
6.105 0.555250798158138 0.353430256213879
6.115 0.554960405936079 0.35542033315701194
6.125 0.5597328768193001 0.357434094262735
6.135 0.5538156149513906 0.35943307807045555
6.1450000000000005 0.5516791888811295 0.3614308473057608
6.155 0.5443718712143899 0.36340857609576593
6.165 0.5377199428610018 0.36536849115664677
6.175 0.5358690336498759 0.3673280013600755
6.1850000000000005 0.5228258337466257 0.3692460136718062
6.195 0.5375847515333414 0.37122455217678685
6.205 0.5294389497801376 0.3731794065191808
6.215 0.5245669861647133 0.3751225199946521
6.2250000000000005 0.5306725736522345 0.37709458077995045
6.235 0.5243020683086773 0.37904923269361285
6.245 0.5302558303340273 0.38103242705961127
6.255 0.5258641544186363 0.3830054999886078
6.265000000000001 0.5216591315016142 0.3849690587668198
6.275 0.5303977540563464 0.38697188872060595
6.285 0.519733765078084 0.3889407106460593
6.295 0.5157932973211368 0.39090082813569
6.305 0.5167603098821837 0.39287086463358495
6.315 0.5223236168252905 0.3948684314401357
6.325 0.5063215494807658 0.39681093762938924
6.335 0.5073015928675301 0.39876336282690183
6.345 0.512834505766241 0.4007433183330666
6.355 0.5129466252129419 0.4027299539876608
6.365 0.5180573702891735 0.40474270294970915
6.375 0.514979064370286 0.4067497839070376
6.385 0.5165774008916647 0.40876941544624523
6.3950000000000005 0.5171309288519381 0.4107975489925306
6.405 0.5212288088103769 0.41284815212895265
6.415 0.5238624203464741 0.4149155568507904
6.425 0.5192672093410073 0.41697122070571463
6.4350000000000005 0.5405425072961801 0.4191177750649272
6.445 0.5207246398690017 0.4211920623639251
6.455 0.5197710698990613 0.42326898123654433
6.465 0.5309417072692206 0.42539711458038165
6.4750000000000005 0.5435009874130547 0.42758233282891134
6.485 0.5447874481774893 0.42977949437312885
6.495 0.5418101954765849 0.43197139277010244
6.505 0.5446352234441965 0.4341815097536687
6.515000000000001 0.5469927867388759 0.43640802346517354
6.525 0.5537954441788234 0.4386691524912343
6.535 0.5549686593494568 0.44094202238421804
6.545 0.5499233126663917 0.4432011271228776
6.555 0.5613633738638145 0.44551428033512347
6.565 0.5591157649279074 0.4478252068312346
6.575 0.563324470535838 0.4501606272048724
6.585 0.5705718568118197 0.4525332944666924
6.595 0.5768020904431512 0.45493916004187074
6.605 0.5837177829164443 0.457381260361511
6.615 0.5905890524467058 0.45985959542560617
6.625 0.583565307503424 0.462315865757031
6.635 0.5950893275306884 0.46482820884945775
6.6450000000000005 0.5977453895850625 0.46735937781470277
6.655 0.6149670098905324 0.46997131584723323
6.665 0.608656352777461 0.472564225578185
6.675 0.6025702259466823 0.47513891672254577
6.6850000000000005 0.6179619853850117 0.4777872919282577
6.695 0.6227103398880734 0.48046400715759224
6.705 0.6233897152608667 0.48315165353888706
6.715 0.6350164948174879 0.4858975993972849
6.7250000000000005 0.6284153259613973 0.48862309995295344
6.735 0.6292961731219507 0.4913605438042927
6.745 0.6434386848313584 0.49416782557094474
6.755 0.6443106272780239 0.4969872530619908
6.765000000000001 0.6645925720675536 0.49990404877698597
6.775 0.647962149981056 0.5027562697238946
6.785 0.6720057611574133 0.505723065337662
6.795 0.6787612340806911 0.5087285248407869
6.805 0.6792748643739166 0.5117451179246121
6.815 0.6801007031397323 0.5147742615903234
6.825 0.6876708784968033 0.5178461177201701
6.835 0.6971367643046992 0.5209693907499656
6.845 0.7006426782873524 0.5241175625148096
6.855 0.7048888270684026 0.5272940743032544
6.865 0.7144820190356077 0.5305232175641165
6.875 0.7183000645293852 0.5337790814186781
6.885 0.7298410902767448 0.537096888467705
6.8950000000000005 0.7422002014906994 0.5404806872859332
6.905 0.7331012955530859 0.5438327047919576
6.915 0.7435194376514985 0.5472422120601551
6.925 0.7610491144025192 0.550742204975158
6.9350000000000005 0.738359320478451 0.5541476636686122
6.945 0.7677005541310186 0.5576986686261205
6.955 0.7700328521512269 0.5612707261725931
6.965 0.774176129440516 0.5648723383150716
6.9750000000000005 0.7821974102172642 0.5685217236401968
6.985 0.7913810018187608 0.5722245501526925
6.995 0.792571128055447 0.5759435709643608
7.005 0.8006769883170313 0.5797113771024489
7.015000000000001 0.8037576749027087 0.5835044868329977
7.025 0.811779197360837 0.5873463818898716
7.035 0.8150176358138681 0.5912145926829664
7.045 0.8194677986066706 0.5951149896457244
7.055 0.8277911476447888 0.5990661962222541
7.065 0.8244767893265901 0.603012746937739
7.075 0.835515673819762 0.6070234675638154
7.085 0.840559787226692 0.6110698156481122
7.095 0.8545457535894806 0.6151951109410355
7.105 0.8561979964974951 0.6193400418217736
7.115 0.8645508387415209 0.6235371993174303
7.125 0.8680717142610176 0.6277633041228995
7.135 0.8798207684103305 0.6320586395574298
7.1450000000000005 0.8822387775547895 0.6363778615832595
7.155 0.8862066699737254 0.6407286624925985
7.165 0.9065548023433433 0.6451918113526081
7.175 0.8987812241739027 0.6496290493339134
7.1850000000000005 0.8957904740768737 0.6540638581703537
7.195 0.9199283471991946 0.658630852974018
7.205 0.9199789077766642 0.6632108032170452
7.215 0.9141865382626995 0.6677745591608352
7.2250000000000005 0.9239505920126256 0.6723998534415988
7.235 0.9237774507460771 0.6770370910180084
7.245 0.9392048912447877 0.6817648142412359
7.255 0.9479668458300761 0.6865498247979703
7.265000000000001 0.9495182521696454 0.6913558879435748
7.275 0.950778368832157 0.6961815866769665
7.285 0.9637612925476228 0.7010866374764798
7.295 0.9702437855716574 0.7060382468862005
7.305 0.9772805406819167 0.7110394513372058
7.315 0.9785946580015583 0.7160611010909517
7.325 0.977773563987421 0.7210922649954665
7.335 0.9919012691753439 0.7262100684007178
7.345 0.996714553692232 0.7313667381240506
7.355 0.9963863373114162 0.7365357560005299
7.365 0.9925539199013692 0.741698903443544
7.375 0.9944047344166136 0.7468857350491428
7.385 1.0189611603857072 0.752215076487711
7.3950000000000005 1.0123472699088112 0.7575241750522729
7.405 1.0113471764695459 0.7628423829101357
7.415 1.0226340681020776 0.7682344772581057
7.425 1.0276155591245948 0.7736674622115551
7.4350000000000005 1.0261514508960574 0.7791073297421806
7.445 1.035430820125645 0.7846111647546641
7.455 1.040782718881839 0.7901583195175079
7.465 1.0347006873106965 0.7956878629799584
7.4750000000000005 1.0396785264993462 0.8012589043340831
7.485 1.0464722497511294 0.806881362588211
7.495 1.0550297005392701 0.8125649543218226
7.505 1.0495217475183145 0.818233971186188
7.515000000000001 1.0567847616516417 0.8239574413815834
7.525 1.0649374192538972 0.8297404256265707
7.535 1.0685445171601968 0.8355584300435838
7.545 1.061190187259224 0.8413517381543002
7.555 1.0853425568004724 0.8472926168164855
7.565 1.0762416590074404 0.8531992850215949
7.575 1.0659342529501226 0.8590648601924727
7.585 1.077801413845828 0.8650114068593864
7.595 1.0742698230705794 0.8709541073802497
7.605 1.078964924393133 0.8769385082215665
7.615 1.0779166630486294 0.8829328280711474
7.625 1.0822071572926184 0.8889668239537352
7.635 1.0812209111827549 0.895011143702091
7.6450000000000005 1.080777861930674 0.9010688237472587
7.655 1.0811259182800204 0.9071443175215567
7.665 1.0791331609046475 0.9132244671568815
7.675 1.0937384525519078 0.9194029971598681
7.6850000000000005 1.0827806211607507 0.925535575838845
7.695 1.0963308200483723 0.9317610693095044
7.705 1.0905357607930384 0.937969761194748
7.715 1.0856181753618142 0.9441665097843298
7.7250000000000005 1.0978070841260998 0.9504490881596893
7.735 1.0930299389299802 0.956720532954341
7.745 1.0904203557174472 0.962993192321426
7.755 1.0885927650780565 0.9692715196932521
7.765000000000001 1.0933875852298665 0.9755937741016601
7.775 1.0933353889203032 0.9819320203805121
7.785 1.103902673578436 0.9883479992955518
7.795 1.1030523136149972 0.9947755166487475
7.805000000000001 1.0973169423080398 1.0011860299877946
7.815 1.0935082076486962 1.007590672893363
7.825 1.087405604427759 1.0139758826398728
7.835 1.0962884017118455 1.0204297157292812
7.845 1.0977825871458278 1.026908852411209
7.855 1.0811680328637843 1.0333062078821347
7.865 1.0898861270302909 1.0397715794097357
7.875 1.0791551728578668 1.046189582612154
7.885 1.0793734190845616 1.0526251971149738
7.8950000000000005 1.0817206020198953 1.0590911759287944
7.905 1.0806069495428152 1.0655668713221647
7.915 1.0761597402703063 1.0720322428497775
7.925 1.0597666318991479 1.078415225880171
7.9350000000000005 1.0554544913167117 1.084788289902339
7.945 1.0608249203072624 1.0912099368220454
7.955 1.0497871199350979 1.0975807741280514
7.965 1.0620921365596128 1.10404250193831
7.9750000000000005 1.050369620118827 1.1104489667025574
7.985 1.0528056372592012 1.1168864030640309
7.995 1.0429415241714057 1.1232795075314068
8.005 1.0390527343043894 1.1296647172779093
8.015 1.0458263076518886 1.136107619215371
8.025 1.0352567372118673 1.142501330969018
8.035 1.0270251838120015 1.14886002255061
8.045 1.0339642678653582 1.1552776208955347
8.055 1.0293164791285638 1.1616822638010957
8.065 1.031081696353671 1.168113829729093
8.075 1.0213428870033388 1.1745004564768189
8.085 1.0309920845487477 1.180963398859532
8.095 1.0299604108413012 1.1874358553930255
8.105 1.0164309509144236 1.1938390812974153
8.115 1.024569306339622 1.200309513543496
8.125 1.0022563180388024 1.206654642399518
8.135 0.9932869001856954 1.2129584757925769
8.145 0.9979766558662783 1.2193076532233817
8.155 0.9892143407549271 1.2256165473349605
8.165000000000001 0.9804919316678554 1.2318851581272103
8.175 0.9854539617271756 1.2382009348159377
8.185 0.974540340272436 1.244462055744837
8.195 0.9830071376136773 1.2507930145890598
8.205 0.9701400724613747 1.2570563622341122
8.215 0.975786861722111 1.2633715316366059
8.225 0.9817465623916733 1.269740749512664
8.235 0.968656173158733 1.276040331902135
8.245000000000001 0.9631096612835295 1.2823190641314561
8.255 0.951082239362431 1.2885344361650977
8.265 0.9650051509014885 1.294856083287253
8.275 0.9548135176783867 1.3011261110807382
8.285 0.9641034620512877 1.3074724545091825
8.295 0.9545096790588061 1.3137708223262383
8.305 0.9506210173448267 1.3200586638488196
8.315 0.9514499744978114 1.3263671531028782
8.325 0.9486782680347505 1.3326724034971613
8.335 0.9481047696563828 1.338988989900857
8.345 0.936497980164337 1.3452432282526015
8.355 0.9277864550798824 1.3514541468539594
8.365 0.9305771673972115 1.3576986686262063
8.375 0.929409529290578 1.3639502754043529
8.385 0.919177926420489 1.3701478337088735
8.395 0.9263641696513643 1.376408752209036
8.405 0.9296591000743902 1.3827069175973812
8.415000000000001 0.913559838785816 1.3889107511928738
8.425 0.918143052578503 1.395160536112376
8.435 0.9113984994956122 1.4013791470058496
8.445 0.9076726661912884 1.4075870291761676
8.455 0.9154186581814429 1.413862724974318
8.465 0.9100461812529611 1.4201163560398569
8.475 0.9086051716286097 1.426374845395144
8.485 0.9149673566070216 1.43269203908505
8.495000000000001 0.904507404564999 1.4389517430127656
8.505 0.8978876921081804 1.4451802729145518
8.515 0.9053872877827639 1.4514756043005368
8.525 0.9010570527255534 1.4577555511022569
8.535 0.8910941406588286 1.4639806397154724
8.545 0.8984629553911329 1.4702719225266634
8.555 0.9021608773503728 1.4766038935145835
8.565 0.8919699485510189 1.4828789820265729
8.575000000000001 0.8939384637113912 1.4891826129908827
8.585 0.8891935753693389 1.495467418082334
8.595 0.9061842996368884 1.5018872431434174
8.605 0.9048205317033208 1.5083123313517401
8.615 0.8912025270533778 1.5146554359203517
8.625 0.8966282238347957 1.5210519816763248
8.635 0.9007241730275881 1.5274926568976073
8.645 0.8967492220234867 1.533919769393304
8.655 0.8923111859132271 1.540329877874856
8.665000000000001 0.9008517158374225 1.5468163019913939
8.675 0.8916515603828907 1.5532513092079665
8.685 0.9001495871923876 1.5597626320595226
8.695 0.8923845634539562 1.5662326594481284
8.705 0.9004193554069408 1.572775966040627
8.715 0.8995770298826344 1.5793281794976815
8.725 0.9101603409082684 1.5859727004601745
8.735 0.9045364686675895 1.592591310543939
8.745000000000001 0.9035730302570728 1.5992180177773077
8.755 0.8963603238745379 1.605806870836305
8.765 0.906927655388682 1.6124886386869761
8.775 0.9047521082197891 1.6191695968226913
8.785 0.9081637217394094 1.6258910407063785
8.795 0.9081736684610666 1.632627869174333
8.805 0.9168666155020538 1.6394446569945633
8.815 0.9139997634517765 1.6462555743813203
8.825000000000001 0.9117940314267995 1.6530654796243782
8.835 0.9118134095830623 1.659890971880435
8.845 0.9122350875321145 1.6667350875805738
8.855 0.9243359529427585 1.6736856807979414
8.865 0.9180616689720542 1.680604695131902
8.875 0.9213269885085644 1.6875639927851147
8.885 0.9184520978276446 1.6945172175761123
8.895 0.9342895983051656 1.7016062720516947
8.905 0.9169930601071654 1.7085797397167246
8.915000000000001 0.9354141467128456 1.7157092799403226
8.925 0.9311461803496514 1.722822221007223
8.935 0.932791177767956 1.729963704526469
8.945 0.9387002702463589 1.737166523953965
8.955 0.9431855672976991 1.7444199505664602
8.965 0.9427897338844565 1.7516865350470663
8.975 0.9323042992567214 1.7588883423308703
8.985 0.9491606034556312 1.7662367080224366
8.995000000000001 0.9377376389444863 1.7735128066538193
9.005 0.949608674810967 1.7808974070898669
9.015 0.9492952654716279 1.7882959751089955
9.025 0.950380360216147 1.7957194418631093
9.035 0.9433905197632244 1.803104649585403
9.045 0.9477559831117761 1.8105404644926675
9.055 0.9520741274951448 1.8180266841561927
9.065 0.9422941773039363 1.8254523776264522
9.075000000000001 0.9465751057781849 1.8329282734242687
9.085 0.9568960731526609 1.8405023471609794
9.095 0.965510694995372 1.848161440968533
9.105 0.952391316413548 1.8557330855603038
9.115 0.9583819899182503 1.8633691024914472
9.125 0.955978368350643 1.8710026902777237
9.135 0.9576302201443628 1.8786662375175822
9.145 0.9674503341339433 1.8864253311226755
9.155 0.9599484250407947 1.8941411049774177
9.165000000000001 0.9769786777765405 1.9020109271033034
9.175 0.9714901023347515 1.909853623778028
9.185 0.9782081670712264 1.9177677777980173
9.195 0.97268621452607 1.9256544015093144
9.205 0.9772005847872002 1.9335948712654851
9.215 0.9813202086485776 1.9415861506353989
9.225 0.9745058521915231 1.9495391709734378
9.235 0.9840787556412651 1.9575877376767485
9.245000000000001 0.9915581349759826 1.9657150491599311
9.255 0.9807173450927891 1.973770903297886
9.265 0.9820932944403594 1.981855502316928
9.275 0.9974719173911272 1.9900844330275738
9.285 0.9973077629401472 1.9983297604661816
9.295 0.9997806582854096 2.006613346936681
9.305 0.9996076408742401 2.014913330135086
9.315 1.0078259346840375 2.0232995479767335
9.325000000000001 0.9896925736451812 2.03155256770743
9.335 1.009228715679803 2.039986558731728
9.345 1.009825458207507 2.048443626632414
9.355 1.0117198013565145 2.0569347025613864
9.365 1.0177193990969902 2.0654944018332415
9.375 1.0275818278842803 2.0741555179038738
9.385 1.0285805839128115 2.0828435569968726
9.395 1.0267986641652034 2.09153503737847
9.405 1.022420838624487 2.100207894316028
9.415000000000001 1.0171305734512934 2.1088542330886404
9.425 1.0280190370317723 2.117611705239516
9.435 1.0271689195782083 2.126380513399829
9.445 1.028591657710997 2.135180090728657
9.455 1.027503201742188 2.1439889797795257
9.465 1.0351115029023041 2.1528818767574687
9.475 1.038453162135271 2.161822344489324
9.485 1.0401360287776482 2.1707962129632796
9.495000000000001 1.032420670743461 2.1797223082546706
9.505 1.0414643107233978 2.1887455693411866
9.515 1.0398359268069655 2.197773688717436
9.525 1.0423069505138065 2.2068422938417553
9.535 1.0455779393897875 2.21595846971994
9.545 1.0467940764885886 2.225104402622861
9.555 1.041413512230647 2.2342224003596485
9.565 1.055733659685971 2.243485134645555
9.575000000000001 1.047474326382756 2.2526946301729223
9.585 1.0440031615294385 2.261892789690828
9.595 1.0393977812846484 2.2710694917622574
9.605 1.044350410219174 2.2803091491718304
9.615 1.0385259602486483 2.289516417982965
9.625 1.0489238362801259 2.2988352250299067
9.635 1.047407050932262 2.3081599025103654
9.645 1.0425133450114163 2.317460288541947
9.655 1.0453366082578288 2.326805208896387
9.665000000000001 1.04945659539152 2.336206404440537
9.675 1.047265746956002 2.345607397555945
9.685 1.047939701513051 2.3550338966925928
9.695 1.0502705044375555 2.3645008815772197
9.705 1.0618677406340942 2.374092157708193
9.715 1.0570884718000548 2.383659952105328
9.725 1.053353286856646 2.3932135764906937
9.735 1.0452879090661018 2.4027135572599816
9.745000000000001 1.0499231634912036 2.4122752787949846
9.755 1.0595281974707416 2.4219442875621406
9.765 1.056606608522582 2.431606413752163
9.775 1.065579938325073 2.441370564027163
9.785 1.0584426483521054 2.4510891678356694
9.795 1.0673272162246334 2.460909390871628
9.805 1.0641631784053633 2.470720504614254
9.815 1.0634420149171429 2.480544978653748
9.825000000000001 1.0703969504971396 2.4904538654778814
9.835 1.0665409995025568 2.50034716528905
9.845 1.0638745317111198 2.510235809239228
9.855 1.0611297480441058 2.520118987613371
9.865 1.0559429116734296 2.5299738259639355
9.875 1.0538270224155788 2.539828866743204
9.885 1.0678545942295201 2.5498353242200302
9.895 1.0542064433189202 2.5597338871784188
9.905 1.0599534995864868 2.5697065390556033
9.915000000000001 1.062239722669374 2.579720891253263
9.925 1.0589859742545928 2.5897247171564644
9.935 1.0516799020544008 2.5996795553046246
9.945 1.0671949765870865 2.609801599591943
9.955 1.071804040165079 2.619987813789874
9.965 1.0650837201859888 2.630130505808713
9.975 1.0676801036766312 2.6403183394365195
9.985 1.0687607452217256 2.650536942232841
9.995000000000001 1.070574463410939 2.66079339920349
10.005 1.0664743257151137 2.671031030301366
10.015 1.0615466085878977 2.681241738376832
10.025 1.0585897323905322 2.6914443493027234
10.035 1.057298487432196 2.7016548549495183
10.045 1.0540856624519346 2.711854631873063
10.055 1.0652477249499248 2.7221829510465123
10.065 1.0669659997655785 2.7325485171081088
10.075000000000001 1.0549503963327702 2.742817727089488
10.085 1.0564290341187155 2.753121754814133
10.095 1.0662678290455059 2.763542381493106
10.105 1.0535743802180288 2.773859364657149
10.115 1.0624267798661884 2.7842836350534284
10.125 1.0615440360194168 2.7947198487453844
10.135 1.065101484869767 2.8052117303408304
10.145 1.0628797069479219 2.8157023973638364
10.155 1.0635507448633479 2.8262203922666598
10.165000000000001 1.0672405462570755 2.8367956745029157
10.175 1.052829063089278 2.8472486897801774
10.185 1.0595736248863392 2.857789356701936
10.195 1.0558510228464013 2.8683136268957763
10.205 1.048877668991214 2.8787889093344403
10.215 1.0485647900306645 2.8892816006447664
10.225 1.0502095324556773 2.8998113364145213
10.235 1.040440776334667 2.9102635419767737
10.245000000000001 1.0477823680894505 2.920810079331907
10.255 1.0493729007490733 2.9313932562890215
10.265 1.0401976925168004 2.9419043686147486
10.275 1.0436122543450717 2.9524705415576986
10.285 1.048528145558801 2.9631071597021803
10.295 1.0359167130972051 2.973636288185616
10.305 1.0380218140578474 2.984207319418329
10.315 1.0416047302247882 2.9948354355556734
10.325000000000001 1.0372912078181815 3.005440069959235
10.335 1.0400870685334118 3.016093894546625
10.345 1.0346847008837192 3.0267129013907295
10.355 1.040719121323664 3.037414499160684
10.365 1.0426219040379368 3.048156380249942
10.375 1.0372792725091888 3.0588638484534725
10.385 1.0328556066621726 3.069546215493263
10.395 1.0301465600016018 3.08022109266966
10.405 1.0283038932365376 3.0908973868472347
10.415000000000001 1.035301157361042 3.1016670006739138
10.425 1.0320728807615775 3.1124236590612298
10.435 1.0351165212913103 3.1232327464922323
10.445 1.0375855219318164 3.1340883925334273
10.455 1.0346746739031472 3.144934321995158
10.465 1.0286313393212112 3.155737538992695
10.475 1.0388456571507727 3.166668893382637
10.485 1.0266693672632479 3.177492758111682
10.495000000000001 1.0332227454444498 3.1884065012013227
10.505 1.0236245803482984 3.199239475223677
10.515 1.0311287904644693 3.210172651472326
10.525 1.0299325390555087 3.2211139248705947
10.535 1.0311924233857601 3.232089408725897
10.545 1.0268077368794055 3.2430389817024317
10.555 1.0281977006004965 3.2540241821372398
10.565 1.020106070706055 3.2649435932315956
10.575000000000001 1.0237837030514918 3.275923125661681
10.585 1.0169707121308547 3.286850229048069
10.595 1.0262592163086617 3.297897979963476
10.605 1.0229733518993593 3.308931156009674
10.615 1.0280531516669467 3.3200400404046078
10.625 1.0267920381961904 3.331156212234222
10.635 1.0237048702902638 3.342259833481975
10.645 1.0256011580200752 3.3534049526214793
10.655 1.0216689055603965 3.364528209457001
10.665000000000001 1.0197538753727018 3.3756514662925774
10.675 1.0133800766663705 3.3867259378017747
10.685 1.019415823256919 3.3978872512405034
10.695 1.0198356055011588 3.409074070700376
10.705 1.0233465603380978 3.4203204042098765
10.715 1.0230368615091314 3.4315843490197153
10.725 1.0215153636208327 3.4428525448330705
10.735 1.0203824128851269 3.454129242653508
10.745000000000001 1.0196541314438023 3.465418895913299
10.755 1.0200399753819955 3.476733852765619
10.765 1.0263971471782503 3.48814050983708
10.775 1.0342561945154904 3.4996558711420205
10.785 1.025334192732387 3.5110930949533463
10.795 1.0177476612280563 3.522466756140223
10.805 1.0222289839911511 3.533911672243644
10.815 1.0243639408231549 3.545401729955989
10.825000000000001 1.0229225668697841 3.556896848386971
10.835 1.0243796116544073 3.5684296185635103
10.845 1.0220426733144885 3.5799573280214987
10.855 1.0202858584429702 3.5914864544807847
10.865 1.0196781767019247 3.6030299533805845
10.875 1.0126812842633135 3.614515355231964
10.885 1.0248601396136574 3.626160270930595
10.895 1.0238154595785474 3.637814700779936
10.905 1.0106139234521758 3.6493399810931493
10.915000000000001 1.0114915240272346 3.66089643543234
10.925 1.0143449820226993 3.672506735816375
10.935 1.0186338650679465 3.684187481401932
10.945 1.0119100047561924 3.695812356655178
10.955 1.0107670002018665 3.7074453290580673
10.965 1.021073372932418 3.71921838214895
10.975 1.0171455914334562 3.7309675486485694
10.985 1.0201050496290462 3.742772383051746
10.995000000000001 1.01758679918021 3.7545695251628652
11.005 1.0204616327364806 3.7664215254624405
11.015 1.018000701237226 3.7782664407561244
11.025 1.0143834923640087 3.790090708318323
11.035 1.0197396806223749 3.8019989838077266
11.045 1.0141565121958807 3.8138635346893
11.055 1.0139634242597715 3.8257473163011886
11.065 1.0192174330683808 3.837714296125113
11.075000000000001 1.0164827936730838 3.849670749654682
11.085 1.0172951351653885 3.8616583772100865
11.095 1.0129243305368913 3.8736160453120543
11.105 1.0231510452557253 3.8857162232468716
11.115 1.0135025807590057 3.8977238912475825
11.125 1.0160986739074065 3.9097839882919487
11.135 1.026430002342453 3.9219886194566587
11.145 1.0229404489662735 3.934173615033557
11.155 1.0240928172792358 3.946394238068704
11.165000000000001 1.018703190477975 3.9585723510684736
11.175 1.0211065587061379 3.9708010712531827
11.185 1.021474979825668 3.9830561071740638
11.195 1.0216383444782713 3.9953350296863217
11.205 1.025447822240353 4.0076817658265
11.215 1.0180313307003148 4.019961093196248
11.225 1.0264876744639984 4.032364509383688
11.235 1.0246779073048395 4.0447681279997925
11.245000000000001 1.017848312265986 4.057111017993859
11.255 1.017306837855402 4.069469292572221
11.265 1.0225542891733634 4.081913396936287
11.275 1.0223684850993302 4.094377339316897
11.285 1.022165158416027 4.106860917285328
11.295 1.025468634525957 4.119407045734456
11.305 1.027751325479638 4.132003376511106
11.315 1.025490355186355 4.144594241711763
11.325000000000001 1.0298683967370255 4.157261220118698
11.335 1.0304671311548776 4.169957955550421
11.345 1.0281101249740896 4.182648010833668
11.355 1.0306548367042592 4.1953919121618455
11.365 1.0218146261877465 4.208048769131798
11.375 1.038518640390552 4.220935180292967
11.385 1.0255071945372936 4.233682522909725
11.395 1.025073610559067 4.246446869540591
11.405 1.0278368984268096 4.259268098647516
11.415000000000001 1.0295197576665858 4.272132849933544
11.425 1.0296912220735723 4.285022297525673
11.435 1.0342029863757762 4.297990894755228
11.445 1.032154796302409 4.31095645555376
11.455 1.0271200517077534 4.323881328175468
11.465 1.036634377685153 4.336948710630247
11.475 1.0245687606095217 4.349886538691414
11.485 1.0308827556480087 4.36292679569504
11.495000000000001 1.0308791102512573 4.375989724717427
11.505 1.0313363882716118 4.389081196192156
11.515 1.0373305094320158 4.402271655320773
11.525 1.0301755853912913 4.415393895963986
11.535 1.0308174307288946 4.428547108204463
11.545 1.0288424234550235 4.44169789129999
11.555 1.0384926687564586 4.454995030374626
11.565 1.0293272603983772 4.468197635227641
11.575000000000001 1.0327013416416877 4.481466434278539
11.585 1.0412838406420726 4.494868633869101
11.595 1.0393315182873717 4.508268809172366
11.605 1.0328390502728477 4.521608255853627
11.615 1.029747047682257 4.534930698520761
11.625 1.0339429092710481 4.548330468966608
11.635 1.0366571061621699 4.561788538889565
11.645 1.0345038526434558 4.575241750522749
11.655 1.0360859026948535 4.588738686763774
11.665000000000001 1.0351944879411314 4.602247161442912
11.675 1.0280172280249822 4.6156849884917985
11.685 1.038085068639163 4.629277673526886
11.695 1.0410948661498443 4.642933111471459
11.705 1.0300572072438094 4.656466889743339
11.715 1.0300374363961593 4.670023542462715
11.725 1.0380004993296763 4.683708332574524
11.735 1.0308213314736259 4.697321665340979
11.745000000000001 1.0352334917974295 4.711016576889885
11.755 1.037811298818328 4.724768978200802
11.765 1.0331350395272354 4.73848271562246
11.775 1.037942635716789 4.752283699830959
11.785 1.0348444592208765 4.76606687031033
11.795 1.0352601747636203 4.7798789880996235
11.805 1.0390053270710937 4.7937645875214905
11.815 1.0385477151938043 4.807667595814964
11.825000000000001 1.0403847201186012 4.821618782148552
11.835 1.0370750770396209 4.835549118321922
11.845 1.0383938842580986 4.8495207499583435
11.855 1.035636495363036 4.863478818869163
11.865 1.0410737283670952 4.877533851146303
11.875 1.0336778018571247 4.891512567788512
11.885 1.0430870878656684 4.905642296270784
11.895 1.033725508873988 4.919668786095668
11.905 1.0390938419870617 4.933791834429441
11.915000000000001 1.0381384305659225 4.947925611486459
11.925 1.0400198970881347 4.962108781156121
11.935 1.0337729114981213 4.976230412488811
11.945 1.0415552763353486 4.990482205501396
11.955 1.0351612350326342 5.004670233460721
11.965 1.0394916579281104 5.018941459632321
11.975 1.031382542784718 5.0331250341594815
11.985 1.0341589290306372 5.04737055188119
11.995000000000001 1.0403869596733273 5.061725785979929
12.005 1.0336453328191888 5.076011789449547
12.015 1.035142319435568 5.090342327242011
12.025 1.0373189950417498 5.104726913508141
12.035 1.0329143425096188 5.119074252886032
12.045 1.0334842107142974 5.133453373576225
12.055 1.0353435122933892 5.147882291736341
12.065 1.039399407989374 5.162391776534965
12.075000000000001 1.0324522979512034 5.176828184558508
12.085 1.0377686089058555 5.19136297294966
12.095 1.038448554678903 5.205931364511679
12.105 1.0360420655509326 5.220490039494115
12.115 1.0395961306248938 5.235122803395249
12.125 1.0404951952389214 5.249792409327136
12.135 1.0409885240395744 5.264493189285131
12.145 1.0431388643698212 5.279248625002897
12.155000000000001 1.0423375571551694 5.294017016159868
12.165000000000001 1.0443759559093035 5.3088386460754835
12.175 1.0316960166973463 5.323504405861402
12.185 1.0345953973656368 5.338235550130405
12.195 1.035766454357252 5.353007585004803
12.205 1.0396104891535392 5.367858769516458
12.215 1.0438083799035247 5.382794366812781
12.225 1.041112732239525 5.397715794097255
12.235 1.039115447404344 5.412632970378175
12.245000000000001 1.0354620963594527 5.427522009064374
12.255 1.041376677091628 5.442520561698774
12.265 1.0391319906733836 5.457511219612453
12.275 1.041011947576173 5.472553496854849
12.285 1.0459474376578528 5.487691725320014
12.295 1.0396247287423062 5.5027629498722614
12.305 1.0374337794744806 5.517826886989899
12.315 1.0339820007456453 5.5328651156575255
12.325000000000001 1.0363762886031538 5.547962655946044
12.335 1.0368746908754682 5.563091977546481
12.345 1.042647276670588 5.5783302058091575
12.355 1.0410016307119117 5.593569041357995
12.365 1.0426733913392137 5.608857067090659
12.375 1.037170849254854 5.624089020062421
12.385 1.0410562828800056 5.639402754245141
12.395 1.0382230599895306 5.654699484413802
12.405000000000001 1.034492284481935 5.669965850271379
12.415000000000001 1.040838044229699 5.68535063694191
12.425 1.0337761547289657 5.700655666688898
12.435 1.031786510600903 5.71595583814605
12.445 1.043417404855725 5.731453377624696
12.455 1.0295913184559973 5.74677014823849
12.465 1.03344210040472 5.762168902491985
12.475 1.033155870985624 5.777588102048277
12.485 1.0304723126157302 5.792991917020231
12.495000000000001 1.0290939623041975 5.808399780566962
12.505 1.0281371589705957 5.823817967979502
12.515 1.0287454389404744 5.839269960991691
12.525 1.0315168117317062 5.854788350630578
12.535 1.0354468017972773 5.87039074819658
12.545 1.0353659727448967 5.886016829925353
12.555 1.0308113815273916 5.901598984617444
12.565 1.036016722586518 5.917284782824397
12.575000000000001 1.034329591210923 5.932969973745026
12.585 1.0343257851929721 5.9486800634008175
12.595 1.042198082937451 5.964534889605687
12.605 1.0363735260477362 5.980326153186092
12.615 1.032237416556912 5.996079360163375
12.625 1.0402041917839246 6.011979327977235
12.635 1.0318942632737889 6.027777271706134
12.645 1.031886581095161 6.043600114170072
12.655000000000001 1.0371893896691906 6.059529434151176
12.665000000000001 1.0334860761108215 6.075426972820113
12.675 1.040987557284943 6.09146519946344
12.685 1.0318957415088579 6.107388446582475
12.695 1.0305326612804584 6.123315742276054
12.705 1.0367180184773448 6.139363887927628
12.715 1.0299176112490271 6.155331871798033
12.725 1.020099922077486 6.171172527991018
12.735 1.028546441998756 6.187169459171237
12.745000000000001 1.0264132345461268 6.203158293201866
12.755 1.0330433531691137 6.219275669482344
12.765 1.02550529282406 6.235300535828617
12.775 1.033018958678436 6.251468114436715
12.785 1.0273228273647563 6.2675717255628465
12.795 1.03608415049605 6.283838089395997
12.805 1.019340118446614 6.29986659945987
12.815 1.0295108012646748 6.316080331820895
12.825000000000001 1.0391608654337101 6.332471594186816
12.835 1.029777293797265 6.348740184736268
12.845 1.0264474065600666 6.364981447405956
12.855 1.032106467557825 6.381337689599851
12.865 1.0327854931287423 6.397730166538175
12.875 1.0246620115973508 6.414018999961634
12.885 1.0303065262728166 6.430423015338049
12.895 1.032339770840885 6.446884925334133
12.905000000000001 1.0329965994154784 6.463382867645887
12.915000000000001 1.037383436042876 6.479976558751689
12.925 1.035071227478689 6.496558913848194
12.935 1.021852017130534 6.512954832075021
12.945 1.0295575586615797 6.529499940283291
12.955 1.0342573138557418 6.546146262861416
12.965 1.0234701866430242 6.5626444076019945
12.975 1.022357112570763 6.5791500422059705
12.985 1.0243635099088946 6.595713571429707
12.995000000000001 1.0293874861258863 6.612383983028065
13.005 1.025932935811915 6.629024030315474
13.015 1.0241202345172993 6.645660231456868
13.025 1.0246261624873445 6.662330238197791
13.035 1.0252659888013538 6.679036277254573
13.045 1.0214495381036202 6.695705676709271
13.055 1.0253843326032157 6.712464954524553
13.065 1.0254476140621325 6.729250952933594
13.075000000000001 1.0263614698479646 6.74607763951933
13.085 1.0347670565040221 6.763068090955709
13.095 1.0301713914228252 6.78000894735072
13.105 1.0283417020176295 6.796945552742248
13.115 1.0275104373605102 6.813894303858228
13.125 1.0335547013200221 6.830968763221714
13.135 1.026940818239594 6.847959821944295
13.145 1.024719256584142 6.864939949514964
13.155000000000001 1.0249183920774394 6.881949226824233
13.165000000000001 1.0263336513372516 6.899007896745962
13.175 1.029275673822956 6.916141465301381
13.185 1.0272900065226573 6.933267948850915
13.195 1.0327531829583914 6.950511638640973
13.205 1.0291195604298358 6.967720713116424
13.215 1.0303547732004632 6.984976548630744
13.225 1.0373781232679622 7.0023763109792485
13.235 1.0291952964586197 7.01966493994959
13.245000000000001 1.0371594472687273 7.037113690053346
13.255 1.0403527603577165 7.05464260193828
13.265 1.0276763255554857 7.07198406480973
13.275 1.0326327334530636 7.089435446486835
13.285 1.0353963240195365 7.1069599049393135
13.295 1.0339468162401566 7.124486185250425
13.305 1.0297340912917736 7.141967323952653
13.315 1.0287356317545835 7.159457774376705
13.325000000000001 1.0252305591702209 7.176914824058717
13.335 1.024690609326792 7.194388877755016
13.345 1.0258342203954236 7.211908680346378
13.355 1.0240736750630364 7.229424636791783
13.365 1.0343709252320512 7.247143224406148
13.375 1.0335327606121945 7.26487395774459
13.385 1.0299742935318867 7.2825700757687315
13.395 1.0289428903820816 7.300274898228604
13.405000000000001 1.0206420796852083 7.317863121734255
13.415000000000001 1.0275075277649373 7.335596081788953
13.425 1.0290693117414556 7.353382483031099
13.435 1.0271520401120953 7.37116220412482
13.445 1.0244569649098227 7.388921682344507
13.455 1.0286946661253018 7.40678116036181
13.465 1.033547345736352 7.424751569328671
13.475 1.0289099694324135 7.442667929821879
13.485 1.029148936568492 7.4606150594835245
13.495000000000001 1.0234631926392703 7.47848951722758
13.505 1.0222142660491766 7.496368630832549
13.515 1.0266768101242159 7.5143524000961515
13.525 1.0282632754519045 7.532390622690729
13.535 1.0250852057030644 7.550399695546873
13.545 1.0242854958789496 7.568421318985213
13.555 1.0227632622178267 7.586442739994654
13.565 1.0235042747910716 7.6045038370371065
13.575000000000001 1.0297516281012362 7.622701978336551
13.585 1.0259486370434108 7.640859633887827
13.595 1.0229323355522233 7.65899056884548
13.605 1.0235274793696307 7.677158750691392
13.615 1.026693308861588 7.695409928320929
13.625 1.025823544153527 7.713672441959597
13.635 1.0274530948288438 7.731990825930363
13.645 1.0252674304015432 7.750297064176835
13.655000000000001 1.023188950537418 7.768592978557561
13.665000000000001 1.0254223367668853 7.786955694422529
13.675 1.025729201820191 7.805350798885682
13.685 1.0286940633467097 7.823826065129926
13.695 1.0307713093443855 7.842365703713494
13.705 1.0271997910071302 7.860868095409023
13.715 1.0290353142983262 7.879430608440347
13.725 1.0287017312642421 7.898014174060448
13.735 1.032709447402519 7.9166973346208565
13.745000000000001 1.0285034711822674 7.935331507426049
13.755 1.027030867029819 7.953966085088665
13.765 1.024291437404572 7.972577990732581
13.775 1.0283892193323063 7.991291515603902
13.785 1.0359064713313582 8.010169210183415
13.795 1.035237065593924 8.029062086918575
13.805 1.0318216539307206 8.047919943481752
13.815 1.0276961421790716 8.0667296220047
13.825000000000001 1.0265744110999608 8.085545980676164
13.835 1.029502144866704 8.104443310843596
13.845 1.0312200296538607 8.12339954777427
13.855 1.0397275608517629 8.142539792429696
13.865 1.0340338074938424 8.161602709306512
13.875 1.034835439121826 8.180707933789952
13.885 1.0314184111335871 8.199777530815238
13.895 1.0320662953112494 8.218886601444826
13.905000000000001 1.036543222459987 8.238106198166353
13.915000000000001 1.0341600039612895 8.257309195731063
13.925 1.0294420774784416 8.276452071960094
13.935 1.0304000738068653 8.295640292226707
13.945 1.027229455248192 8.314796933609935
13.955 1.032846623269296 8.33408596338918
13.965 1.033759995706477 8.353419729919905
13.975 1.0378040772279995 8.372856937536811
13.985 1.0363636115095252 8.392294954868827
13.995000000000001 1.0280179280899848 8.411604025093249
14.005 1.0238276055207642 8.430861880846686
14.015 1.0267624409252336 8.4502025299547
14.025 1.0293015419027776 8.469618684982724
14.035 1.0285425562599422 8.48904820030754
14.045 1.030973508393212 8.508551399693719
14.055 1.0308426643139958 8.52807990267232
14.065 1.0299322158496043 8.54761893194543
14.075000000000001 1.03105845118841 8.567207151402352
14.085 1.029850280372293 8.58680022914899
14.095 1.0282620006028564 8.606390877750748
14.105 1.0339237470304445 8.62611735603748
14.115 1.0327029480060228 8.645848490185163
14.125 1.0299187474755296 8.665554320740146
14.135 1.0342093120845732 8.685370272529704
14.145 1.025868949152635 8.705054240780658
14.155000000000001 1.0383368136330522 8.725005617397334
14.165000000000001 1.039375079912752 8.745005172054093
14.175 1.0355138834936408 8.764958572958243
14.185 1.033456423805344 8.784900435424175
14.195 1.027244845947687 8.804750395242039
14.205 1.0309458719113127 8.824699950000086
14.215 1.032504419853779 8.844707804235108
14.225 1.0289877888597834 8.864675577579801
14.235 1.0339802830474798 8.884768451885806
14.245000000000001 1.0279104295383061 8.904771447831086
14.255 1.0332519823553576 8.924906629743727
14.265 1.0257251276395876 8.944923188414739
14.275 1.0305244728097078 8.965061609187035
14.285 1.031099290042131 8.98523950356368
14.295 1.0241617768110154 9.005309705850811
14.305 1.0258146566212925 9.025440434331172
14.315 1.025154521303953 9.045586344967019
14.325000000000001 1.0277560524638887 9.065811607668868
14.335 1.0330611802397474 9.08616966362429
14.345 1.028195253191198 9.106460108380455
14.355 1.0294060650590446 9.126802779751571
14.365 1.0320446124288496 9.147226017761124
14.375 1.0250317923216266 9.167538729678505
14.385 1.0328695455790378 9.18803524689213
14.395 1.0308849224067107 9.208520832953823
14.405000000000001 1.029169299603874 9.229000751010435
14.415000000000001 1.0287170930211185 9.2495001022262
14.425 1.0268347926751855 9.269990344148487
14.435 1.0323822532669864 9.290619857044142
14.445 1.0293853223720182 9.311217993484957
14.455 1.0261936471681432 9.331780704896461
14.465 1.0277715152495215 9.352403537643784
14.475 1.0292533752444823 9.373084669868462
14.485 1.0315953693091047 9.393841510441815
14.495000000000001 1.0304236453851376 9.414603411733857
14.505 1.0268061695258288 9.435320981131401
14.515 1.0348297091595795 9.456229238402322
14.525 1.032104631354387 9.477111179937012
14.535 1.0318039944174708 9.49801579349064
14.545 1.0316728289227268 9.518946520351447
14.555 1.0246160829510471 9.539762672545713
14.565 1.0334882729981858 9.56078793362817
14.575000000000001 1.03204078387082 9.581812587424587
14.585 1.0350815024555726 9.602928131724854
14.595 1.0314835060393335 9.623999141702216
14.605 1.0334682985315633 9.645117924862632
14.615 1.0296982119987674 9.666145210232342
14.625 1.0348525940793243 9.68726318367748
14.635 1.030327722520436 9.70827427474806
14.645 1.024556830679858 9.729153179851348
14.655000000000001 1.0292569983659396 9.750113258879447
14.665000000000001 1.0302254737529426 9.77107839862614
14.675 1.0316949655136927 9.792058720528503
14.685 1.0292536714507876 9.81297467009155
14.695 1.0309078728319394 9.833909445527281
14.705 1.03195786403604 9.854850698682528
14.715 1.039150549779962 9.875922923232793
14.725 1.0340482117863175 9.896876726969799
14.735 1.0366980511222952 9.917869194596284
14.745000000000001 1.0373928780586308 9.93886065007938
14.755 1.0397425204054547 9.959884494160937
14.765 1.038100175860767 9.9808599577734
14.775 1.0396255457352346 10.001851008398683
14.785 1.0331387390936335 10.022695905473935
14.795 1.0367148888487043 10.043597685025103
14.805 1.0369624136011542 10.064489140710561
14.815 1.0284241327238755 10.085193349811497
14.825000000000001 1.034677173956013 10.106008085004365
14.835 1.042562700005326 10.126965937316387
14.845 1.0349527424892102 10.147755368916698
14.855 1.0401211471817622 10.168633059447513
14.865 1.041302635342816 10.189518847128127
14.875 1.0338624350532972 10.21023985781456
14.885 1.03847147088084 10.231037588992741
14.895 1.044444900005469 10.25193916611517
14.905000000000001 1.0349918568461876 10.272635885352551
14.915000000000001 1.039405446691288 10.293405074078677
14.925 1.0394986675324462 10.314160295221821
14.935 1.040334697855334 10.334916326080245
14.945 1.0411537041476804 10.355672761795761
14.955 1.0374641571485717 10.37633972400835
14.965 1.0382150318463472 10.397005674077104
14.975 1.038246469914367 10.417656239561854
14.985 1.0424661627975043 10.438374618674494
14.995000000000001 1.0400789597403652 10.459029435162645
15.005 1.0405872131816398 10.47967817878878
15.015 1.0361671620844466 10.5002230764709
15.025 1.0371062910487696 10.52077040329835
15.035 1.0471802583000518 10.541500928135429
15.045 1.0401002676126516 10.562074975556614
15.055 1.040303149633727 10.582636674824355
15.065 1.044536586598285 10.60326558043384
15.075000000000001 1.0438344180977264 10.623864121732664
15.085 1.0406692290404842 10.644383715822817
15.095 1.0380249756152267 10.664834686569685
15.105 1.036211391162487 10.685233430701945
15.115 1.0387192249877548 10.70566496828981
15.125 1.031623586759689 10.725940433318991
15.135 1.0412793009210406 10.74638897492112
15.145 1.0333941559515147 10.766666059380421
15.155000000000001 1.047366405734341 10.787200430768289
15.165000000000001 1.0420090780391913 10.8076129400546
15.175 1.038713350055883 10.827944072987458
15.185 1.0406826640844178 10.848296865795724
15.195 1.0411448466646194 10.868641763883183
15.205 1.0329941309475423 10.888810548966728
15.215 1.0431360813743575 10.909160305343688
15.225 1.0312387491324968 10.92926107437048
15.235 1.0315260237480517 10.94935050738776
15.245000000000001 1.0390978032276248 10.969570304513612
15.255 1.033826061793154 10.989670466253934
15.265 1.0366128844591145 11.009807672453897
15.275 1.030645795500007 11.029811882971435
15.285 1.0332613004393887 11.049849696659631
15.295 1.032111856984798 11.069848036743785
15.305 1.0319871994560588 11.089826741240785
15.315 1.0325760182314516 11.109799575303766
15.325000000000001 1.034320095883775 11.129788806094778
15.335 1.0407344441806963 11.149884514402984
15.345 1.0339412313453613 11.169831640016337
15.355 1.037451057330008 11.18982896795711
15.365 1.040023107675506 11.209858279638928
15.375 1.0342275322427321 11.22975844178455
15.385 1.040575042431618 11.249763057159901
15.395 1.0328873591033463 11.269602288254488
15.405000000000001 1.0419389324647037 11.289597591907789
15.415000000000001 1.037220227782373 11.309484596185092
15.425 1.0280991824119592 11.329179090730737
15.435 1.0401807912619112 11.349087147597311
15.445 1.032034684697569 11.368821520604738
15.455 1.0350651521614775 11.388595974502506
15.465 1.040298513897849 11.408452412040251
15.475 1.0366268022236473 11.428220793075736
15.485000000000001 1.035691677379154 11.447953344224445
15.495000000000001 1.0343528199220242 11.467642373193913
15.505 1.0382186311301618 11.487386867638284
15.515 1.0327180871273605 11.50700869026614
15.525 1.0330532912098769 11.526618772027215
15.535 1.0337434393985887 11.546223793069805
15.545 1.0331442359946124 11.565799259516126
15.555 1.035818264803581 11.585407114560963
15.565 1.0341537114852175 11.604965172135836
15.575000000000001 1.033709498152605 11.624496509116748
15.585 1.0333308930169403 11.644002340076863
15.595 1.043000589476894 11.663672138315988
15.605 1.033448115815206 11.683143353961201
15.615 1.0379891969420134 11.702681573519461
15.625 1.034467668947663 11.722134975435624
15.635 1.0369323068172345 11.741616110089135
15.645 1.0314228053970251 11.760975180212258
15.655000000000001 1.0312917729065059 11.780313197746413
15.665000000000001 1.0309248701753748 11.799625709259653
15.675 1.0335771305736245 11.81896919236975
15.685 1.0371894154842594 11.838361460806754
15.695 1.0370177736532264 11.857731664510492
15.705 1.0318470195957294 11.876986483832683
15.715 1.0409690256700121 11.896392517423896
15.725 1.0336659024122041 11.91564349060004
15.735000000000001 1.0306916365106895 11.934820172428648
15.745000000000001 1.0288898211724151 11.953944425213491
15.755 1.0336601773598681 11.973138313485137
15.765 1.0319929450539407 11.992282201857753
15.775 1.0313731574291618 12.011395523490842
15.785 1.0299451381915325 12.03046329865728
15.795 1.033474547121918 12.04957722757651
15.805 1.033090890473893 12.068664840759448
15.815 1.033849200031627 12.087747190795149
15.825000000000001 1.0411542951854635 12.106944925212442
15.835 1.044003659457385 12.126175655514574
15.845 1.045089888198407 12.145406790674047
15.855 1.035146530077375 12.164435497093598
15.865 1.0428772861215516 12.183586672900999
15.875 1.0433543133779941 12.202726917556658
15.885 1.0403881608704375 12.221793073293298
15.895 1.0384795661760398 12.240804573270076
15.905000000000001 1.0459334790358708 12.259932672201211
15.915000000000001 1.0352775199517412 12.278846196667585
15.925 1.0347395856925734 12.29773016653823
15.935 1.0348022981594243 12.316595512964723
15.945 1.0406695059939355 12.335547903749106
15.955 1.0348011405849349 12.35437357414233
15.965 1.0383793848031813 12.373244386144709
15.975 1.0381316017657367 12.39209070426933
15.985000000000001 1.0355636963142063 12.41087042333864
15.995000000000001 1.0380433243756964 12.429675041143263
16.005 1.0362572766739984 12.448427229904423
16.015 1.0326778608416516 12.467094601022827
16.025 1.033834938161021 12.485762781856675
16.035 1.0421679005871805 12.5045611243703
16.045 1.0385000172131365 12.523273029811955
16.055 1.0357936140060688 12.541915907052939
16.065 1.0424511399306728 12.560658176805527
16.075 1.0359941823951837 12.579264009587053
16.085 1.0383153912112408 12.597891097386839
16.095 1.0355606156145953 12.616448347270861
16.105 1.0356291624133187 12.634986366424775
16.115000000000002 1.036277465335896 12.65351547871403
16.125 1.0334159539825716 12.671972931229211
16.135 1.0344875057614384 12.690428966743184
16.145 1.038585196668619 12.708937431300647
16.155 1.033323913822167 12.727331523620167
16.165 1.0401207309242702 12.745825818166058
16.175 1.03656343038801 12.764236104785317
16.185 1.0392760168752024 12.782673719284094
16.195 1.0363196325577428 12.801038054579509
16.205000000000002 1.0406551155522958 12.819458260206986
16.215 1.0462850667526682 12.837957008185374
16.225 1.0404791994944276 12.856332072203454
16.235 1.0413066425065005 12.874700658501883
16.245 1.0516165229939638 12.89322977079104
16.255 1.0498062970008486 12.911705644321643
16.265 1.045955943652065 12.930092449206501
16.275 1.0425716140987122 12.948398485024118
16.285 1.0433138001484554 12.966696221263277
16.295 1.0405008407746723 12.984923309872352
16.305 1.0454928350873005 13.003216390250472
16.315 1.0392055389205088 13.021378094376423
16.325 1.0389127200731736 13.039513280337337
16.335 1.043950616389578 13.057714862925117
16.345 1.041133267019856 13.075845797882623
16.355 1.0382416821308864 13.093904870637655
16.365000000000002 1.035392095205186 13.11189289090466
16.375 1.046688563134638 13.130055404745622
16.385 1.0388362473970918 13.148060024169776
16.395 1.0432692785459303 13.166119704211077
16.405 1.046708445475585 13.184217035997552
16.415 1.0418237757635205 13.202208092695676
16.425 1.032763099518053 13.220021012102583
16.435 1.0399927398861404 13.237936765309788
16.445 1.0381361297310974 13.255798672471657
16.455000000000002 1.0462899646188875 13.273778798018062
16.465 1.043792512104045 13.291693943938856
16.475 1.0460265200867749 13.309625284158784
16.485 1.0418719801010388 13.327463304729525
16.495 1.0454396908696701 13.345340191618508
16.505 1.050642467703403 13.363283677562992
16.515 1.0533802774994976 13.381251454956292
16.525 1.0386957121968798 13.398946560836825
16.535 1.0427745225669753 13.416688832613874
16.545 1.0426489647763435 13.434406610513507
16.555 1.0389591156609694 13.452039368342044
16.565 1.0369222879721107 13.469615243694205
16.575 1.0493875333003282 13.48737978263239
16.585 1.0403712207924622 13.504969220710226
16.595 1.0423875789211383 13.522570197226367
16.605 1.0426109011859133 13.540152347869812
16.615000000000002 1.050193031910865 13.557839559029697
16.625 1.041766637374716 13.57536219562346
16.635 1.0462751003751738 13.59293786854668
16.645 1.036656082385542 13.610329331316798
16.655 1.0426846473212117 13.627799134009457
16.665 1.0404323024108917 13.64520841050909
16.675 1.0388911417532636 13.66256910411089
16.685 1.041569416462656 13.67995166001648
16.695 1.036277478461567 13.697223082543996
16.705000000000002 1.039426315845409 13.714524059667406
16.715 1.0379217827735228 13.731777061179447
16.725 1.0411225735050968 13.749060224574034
16.735 1.0402560410733261 13.76630593865153
16.745 1.0403677413982273 13.78353039771123
16.755 1.0427961340508354 13.800771860785323
16.765 1.0425853831420506 13.817986603265513
16.775 1.0376009695004307 13.835095880372426
16.785 1.0464105616308148 13.85232701958054
16.795 1.0388622127478118 13.869410588237297
16.805 1.0394805651530745 13.886480999026011
16.815 1.046003250990514 13.903635012884322
16.825 1.032509931867904 13.92054449282463
16.835 1.0471779073674539 13.937670571516907
16.845 1.042528411288618 13.954697055268998
16.855 1.0415796243418953 13.97168447027443
16.865000000000002 1.045279153878919 13.988708524881934
16.875 1.0397561642303481 14.00561901696564
16.885 1.0465345430757311 14.022615946121839
16.895 1.0409653116574589 14.039498705468755
16.905 1.0484443571667204 14.056478833039083
16.915 1.0481991749780302 14.073431025443783
16.925 1.039532632847365 14.090219250568587
16.935 1.041576133592014 14.107016584986704
16.945 1.0438039247112856 14.123825862700608
16.955000000000002 1.0471483379668403 14.14066489743978
16.965 1.0518789301756408 14.157555753936
16.975 1.0387621060087742 14.174211995522604
16.985 1.036507870340228 14.190808115773706
16.995 1.036984363786209 14.207387839296342
17.005 1.0415601719946341 14.224016550574028
17.015 1.035358633478893 14.240522185177884
17.025 1.0390348528631084 14.257062232667487
17.035 1.0425460674400582 14.273633859040352
17.045 1.0407390230775604 14.290152449083443
17.055 1.0427737404811075 14.306678933847492
17.065 1.0397131635193875 14.323132544265107
17.075 1.0434100172172172 14.339620162711467
17.085 1.04737701133776 14.35614583776082
17.095 1.0404754181910458 14.372538112270172
17.105 1.0416239991397052 14.388923909060107
17.115000000000002 1.0429718892306914 14.405306264561501
17.125 1.0385957133655517 14.421595300413822
17.135 1.041602789157892 14.43790680585637
17.145 1.0364784431008653 14.454113453211303
17.155 1.0405208519771116 14.470358562026878
17.165 1.0382281861646778 14.48654314464929
17.175 1.0421867251874857 14.502764569302231
17.185 1.042148132264752 14.518960487934047
17.195 1.0433252414113963 14.535149726417446
17.205000000000002 1.0409938656655116 14.551277831421503
17.215 1.0421780032260586 14.567399256276792
17.225 1.0419004872537123 14.58349132896506
17.235 1.0466391974193923 14.599631377264455
17.245 1.044690111817798 14.615716162518131
17.255 1.04783360524533 14.631824024647823
17.265 1.042891595564285 14.647830672407512
17.275000000000002 1.042150510146529 14.663800680565384
17.285 1.0446909261729935 14.679784251449009
17.295 1.0483949608392447 14.69579899635823
17.305 1.0520603628031697 14.711844105578946
17.315 1.0560060375404616 14.727923627685463
17.325 1.0466646994512794 14.743835336366214
17.335 1.0432042575199076 14.759668907553532
17.345 1.0451455483587244 14.77550632488656
17.355 1.0441922401583819 14.791303661329112
17.365000000000002 1.0384137004718188 14.80698804253476
17.375 1.0477075858561173 14.822786998407057
17.385 1.0466542175299056 14.838544253958897
17.395 1.0451690796022974 14.854253331470824
17.405 1.0460290424167724 14.869949453543567
17.415 1.045191929432525 14.885607114155418
17.425 1.049173216370763 14.901298377938474
17.435 1.047042394762209 14.916931747101865
17.445 1.0498639561695826 14.932581108135514
17.455000000000002 1.057635571626991 14.948319942671953
17.465 1.0449290521267591 14.963843595458057
17.475 1.044807620934536 14.979339313078066
17.485 1.052754945176789 14.994926528488442
17.495 1.0513918526573822 15.01046718528882
17.505 1.0451705098413284 15.02588962370464
17.515 1.052301541223003 15.041390806900495
17.525000000000002 1.0480068664743305 15.056802314164258
17.535 1.0524287002588164 15.072252282889169
17.545 1.0526694019998182 15.087679174737529
17.555 1.0530243909922385 15.103084609139453
17.565 1.0492528428562704 15.118408262330346
17.575 1.0479285712440325 15.133685964197502
17.585 1.0444882289938768 15.148886945572109
17.595 1.0478939452533886 15.164110801394306
17.605 1.0515516938228975 15.179360972952573
17.615000000000002 1.051254016665643 15.19457997048513
17.625 1.0464896698607073 15.209703219223623
17.635 1.0505375888959403 15.22485804684572
17.645 1.0434973507860574 15.239884534646173
17.655 1.0512777671705513 15.254996042517801
17.665 1.0527403636006212 15.270101477527385
17.675 1.05678328629737 15.285237681705246
17.685 1.0399028568007114 15.300105262944964
17.695 1.0472194139860422 15.315050374391934
17.705000000000002 1.0564553220427917 15.330099939068804
17.715 1.0505378359011617 15.345037965510162
17.725 1.0497929678460276 15.359938137776993
17.735 1.043775820595269 15.374725759664571
17.745 1.0552890963812174 15.389649008807586
17.755 1.0506566743907664 15.404479343159142
17.765 1.0485242908736947 15.419252187748643
17.775000000000002 1.0425867167398029 15.43391410138863
17.785 1.0449220742485774 15.448581480604693
17.795 1.0439459291428892 15.463207766786097
17.805 1.0511331227404896 15.477907129742977
17.815 1.0420927391912336 15.49245264685723
17.825 1.0446451686482123 15.507006261121116
17.835 1.0506894586221998 15.521616353003566
17.845 1.0513046979657839 15.536207214155612
17.855 1.048812560905455 15.550735727255645
17.865000000000002 1.0483635719827618 15.565230232327623
17.875 1.050967027302815 15.579732834549231
17.885 1.0485861955803728 15.594174708148527
17.895 1.046817578650898 15.608564355132529
17.905 1.0407513451902395 15.622842868738646
17.915 1.0464617532151281 15.637171787101314
17.925 1.041798989428823 15.65140900524466
17.935 1.0385456619445388 15.665573956328
17.945 1.0398924331927093 15.679729393260637
17.955000000000002 1.0369412755824383 15.69381681413687
17.965 1.040610205507307 15.707926097316532
17.975 1.0404221524933281 15.722004813756485
17.985 1.0432042109491717 15.736093044347047
17.995 1.044693686159437 15.750173177787945
18.005 1.0401271130740397 15.764163635297198
18.015 1.0351680988401604 15.778059356155659
18.025000000000002 1.0410715807581845 15.7920060890569
18.035 1.039688795782154 15.805906060918906
18.045 1.0426577622019972 15.819817368790602
18.055 1.0422819748868988 15.83369527592032
18.065 1.0329041541708641 15.84742014692252
18.075 1.0500378185081163 15.861344005376472
18.085 1.0450183548460483 15.875172722322407
18.095 1.0449017314106652 15.888971277386084
18.105 1.0434973479657381 15.902722666553347
18.115000000000002 1.0375338207105367 15.916366970917128
18.125 1.040587544735162 15.93002281371895
18.135 1.0399163907741218 15.943641207204067
18.145 1.0532487061311155 15.957405146953239
18.155 1.0366188290478708 15.970923135783307
18.165 1.0426488561633167 15.984490922083248
18.175 1.0379666418863902 15.997969032451635
18.185 1.038344836914729 16.011423256228724
18.195 1.0437220710649089 16.024918168182534
18.205000000000002 1.0398841817869282 16.03833453778531
18.215 1.036048521962814 16.05167256746528
18.225 1.0337278441929545 16.064951892810654
18.235 1.0359799445519264 16.078231218156002
18.245 1.0319617116855355 16.0914301792917
18.255 1.035479096297649 16.10464513229823
18.265 1.0310032139009082 16.117774053089803
18.275000000000002 1.035129719488771 16.130926455615327
18.285 1.035046387005468 16.1440486962586
18.295 1.0285968020815286 16.157060208381274
18.305 1.0324983355309632 16.17009196337787
18.315 1.0425126427143012 16.183220681740718
18.325 1.027555662778186 16.19613199163656
18.335 1.0296015044739706 16.209039860243852
18.345 1.0325984079093937 16.22195602842972
18.355 1.0374449934577177 16.23490337064146
18.365000000000002 1.0280592854478967 16.247704356874447
18.375 1.031278297861701 16.260516071830626
18.385 1.03485826723077 16.273342766513377
18.395 1.030796963012117 16.28608970427236
18.405 1.0388452553758174 16.298906479946695
18.415 1.0363431421066418 16.311662729427717
18.425 1.0313764677956432 16.324328290833424
18.435 1.0396905434450934 16.33706611929912
18.445 1.0317338324445535 16.34967682251646
18.455000000000002 1.0317609404146058 16.362258173566595
18.465 1.0410765046072066 16.374923127686206
18.475 1.0378466141219311 16.387518851176345
18.485 1.0305585497234846 16.399996356282383
18.495 1.032925751280537 16.412472646816198
18.505 1.0314605093930365 16.42490136659641
18.515 1.027364437139772 16.437250936738778
18.525000000000002 1.029734087182791 16.44959908987994
18.535 1.0380243006049181 16.46201647365039
18.545 1.0389114302634772 16.474414221833026
18.555 1.0242299019804346 16.486606909702143
18.565 1.0400610561019512 16.498957694417186
18.575 1.0350913717989227 16.511219208058037
18.585 1.02795907772007 16.52336614703166
18.595 1.0312190193131177 16.535521385583873
18.605 1.0357381670229802 16.547699498583267
18.615000000000002 1.0333622617377833 16.55981931210578
18.625 1.0355630787904382 16.571934469767456
18.635 1.033441751668822 16.58399436438285
18.645 1.0346172940847196 16.59603745741307
18.655 1.0325070522763344 16.608025489825938
18.665 1.0278199966688115 16.619928704597054
18.675 1.0319269844382815 16.63184892338188
18.685 1.0268873860923409 16.643680478378823
18.695 1.03304571696956 16.655552316695054
18.705000000000002 1.026312071696246 16.667316260493234
18.715 1.032826557487294 16.67912413132739
18.725 1.0331651460240927 16.690905079139284
18.735 1.028881210114939 16.702606472456203
18.745 1.0361424460388535 16.714359485101923
18.755 1.036073555121942 16.726080716435305
18.765 1.0344828553501828 16.737752960014213
18.775000000000002 1.033732670784998 16.74938572998842
18.785 1.0296993204009206 16.760942184327575
18.795 1.0330989410019191 16.772505723672552
18.805 1.0286865596585468 16.78398889880816
18.815 1.0368365410354072 16.79553179042214
18.825 1.0268930220916253 16.80693298191783
18.835 1.0394408956458425 16.818442067931805
18.845 1.0244341602161537 16.829753988352945
18.855 1.0276577918824086 16.841070362206104
18.865000000000002 1.0222574264907396 16.852296250412675
18.875 1.0225055325330492 16.8634937985958
18.885 1.0245566321294415 16.874682642342652
18.895 1.0316230152160857 16.88591723498508
18.905 1.0349487164166569 16.89715648348868
18.915 1.0286139070174274 16.9082955297658
18.925 1.0258273553397241 16.919373037706123
18.935 1.0239121829312587 16.930398521460287
18.945 1.0196142928913243 16.94134647500642
18.955000000000002 1.0218560952124423 16.95228714111846
18.965 1.0281152827038282 16.963263232259855
18.975 1.0262944907527032 16.974188311358485
18.985 1.026335824324975 16.985082216431213
18.995 1.0200501553120356 16.995877943565354
19.005 1.0286172418249993 17.006732577462753
19.015 1.0330827468253012 17.01760239351575
19.025000000000002 1.0282777497592572 17.028389821071794
19.035 1.0238931853158328 17.039099515991396
19.045 1.0297351334265497 17.049838360649556
19.055 1.0366281440802168 17.060616881340557
19.065 1.027183114334503 17.071265240352115
19.075 1.0335300212760203 17.081947202534618
19.085 1.0211972860025116 17.092469853298848
19.095 1.0301535738782115 17.103052625398746
19.105 1.0288509980967957 17.113589851032113
19.115000000000002 1.01788920800579 17.123982947402467
19.125 1.0231907793921913 17.134398108505607
19.135 1.0294466019784576 17.14484464606353
19.145 1.027761111556464 17.155241791008795
19.155 1.031508685880733 17.16564440153002
19.165 1.0262831205245122 17.175961991980554
19.175 1.0196753021077736 17.18618099963468
19.185 1.0243969913887703 17.19641498701556
19.195 1.0251481756157774 17.20662407566108
19.205000000000002 1.0256430152264215 17.216805633997907
19.215 1.021930850018804 17.226917961705738
19.225 1.0224264967475052 17.23700275910477
19.235 1.020232158060185 17.247033508030313
19.245 1.024286327780245 17.257071544390634
19.255 1.0284331021083801 17.2671174754714
19.265 1.0295963548628742 17.277141949105932
19.275000000000002 1.0260362215827086 17.287099013970114
19.285 1.0294048757862866 17.29705587640594
19.295 1.032862963991646 17.307013143698864
19.305 1.0354633680560719 17.316962313842236
19.315 1.0290169551043118 17.326816544906382
19.325 1.0384384590801903 17.336727658446588
19.335 1.02213500292909 17.346450310829702
19.345 1.035812028598969 17.35626972415089
19.355 1.0377163525938287 17.36607375288733
19.365000000000002 1.037896473226169 17.375846000311807
19.375 1.0354716616006925 17.385561972546693
19.385 1.0305880808292558 17.39519879514402
19.395 1.0292592047020444 17.40478986884612
19.405 1.0396315454551537 17.414443897886635
19.415 1.0301083229243502 17.423976064825695
19.425 1.026076386699451 17.433437584134605
19.435 1.0336303141474996 17.442935135759022
19.445 1.0360687881811275 17.452421351373896
19.455000000000002 1.0406590806358857 17.461915664138537
19.465 1.0346427883932738 17.471321313115112
19.475 1.0279840931931516 17.480632832727427
19.485 1.0273373406014583 17.48990487873564
19.495 1.0275006459577551 17.499144738573968
19.505 1.0364356663342125 17.50843095459385
19.515 1.0330823044420292 17.517653203131726
19.525000000000002 1.0350572268788036 17.526859054941824
19.535 1.0270682229493384 17.53596004866483
19.545 1.0177858688167158 17.544945253148658
19.555 1.0342391006053933 17.554041591010463
19.565 1.0337942230318247 17.563099872269312
19.575 1.032538866730745 17.572113011918834
19.585 1.0292300158871175 17.581063196230282
19.595 1.0327470768067415 17.590009736824356
19.605 1.0365068744782004 17.598954455560012
19.615000000000002 1.0348372195045747 17.607850388969258
19.625 1.0310080545578024 17.616679116036725
19.635 1.035530924822865 17.62551209410748
19.645 1.0328273856117427 17.63428758241589
19.655 1.032475170845763 17.643025621407514
19.665 1.0222072824996586 17.65164260801234
19.675 1.0384547258932892 17.66036182113103
19.685 1.0193998019402486 17.6688869050883
19.695 1.030210658543887 17.67746785937804
19.705000000000002 1.0305722694986121 17.68601723478407
19.715 1.0343962075098556 17.69456357375889
19.725 1.0332622355040422 17.70306578326887
19.735 1.0370641850490423 17.711564349061206
19.745 1.025945558617942 17.719937206606115
19.755 1.0223361260902881 17.72824609666897
19.765 1.034183273934689 17.736616322640344
19.775000000000002 1.0188335782961417 17.744827844479204
19.785 1.0276481204521182 17.75307560106277
19.795 1.0244857063765478 17.761263236310317
19.805 1.0335110928522653 17.76948791601742
19.815 1.037432972329148 17.777708547149526
19.825 1.0262564200244393 17.78580569675038
19.835 1.0320977343147282 17.79391377750318
19.845 1.0312920958838736 17.801980360364453
19.855 1.0244799898291117 17.809958684294998
19.865000000000002 1.0250798270344834 17.81790664391446
19.875 1.0375694379371891 17.825915939442066
19.885 1.0309468307087855 17.83383879789799
19.895 1.031546204184466 17.841730887185093
19.905 1.0339634766781625 17.849605972458203
19.915 1.0227115688164263 17.85736020777341
19.925 1.0195424802006203 17.865055333896425
19.935 1.0253216228312176 17.872758759597847
19.945 1.0185458880478366 17.880376153084587
19.955000000000002 1.0117669751532998 17.887907919214555
19.965 1.0240539277413616 17.895495758105366
19.975 1.0099192810932032 17.902943921165765
19.985 1.018601030845035 17.910420829107036
19.995 1.0230202885577528 17.917894700617193
20.005 1.026846784880032 17.92536087983548
20.015 1.0298482544979695 17.932813091470756
20.025000000000002 1.0175645090774652 17.94014101185952
20.035 1.0170867428530568 17.947430065930188
20.045 1.020611955187263 17.954708796135325
20.055 1.0220380554124149 17.961962020319195
20.065 1.0324272935336256 17.96925289624842
20.075 1.023710815238738 17.97644640395396
20.085 1.022295441594443 17.983594162763946
20.095 1.0311430123185863 17.99076763002409
20.105 1.0357868938438608 17.99793704870964
20.115000000000002 1.0219358575480963 18.00497468628538
20.125 1.0181416295654833 18.01195038066644
20.135 1.020966356299701 18.01890947589108
20.145 1.0173780421958034 18.02580824735108
20.155 1.0179292143400769 18.03267483264139
20.165 1.0208751844880537 18.039525223632666
20.175 1.0211591509444167 18.0463414041667
20.185 1.0199276252465723 18.053113252806586
20.195 1.0288652780983005 18.059907975894436
20.205000000000002 1.0225274720503978 18.066624561488617
20.215 1.0185126445722268 18.0732785966018
20.225 1.0224355171341502 18.079921902992197
20.235 1.022209926737822 18.086527355207956
20.245 1.0309654544935862 18.093152645440373
20.255 1.0384311306083178 18.099788866824415
20.265 1.0238484704566926 18.106295331386423
20.275000000000002 1.02416314933796 18.112767180633384
20.285 1.0258407604502162 18.119212916573417
20.295 1.0246925826711066 18.125614725476733
20.305 1.0233419501053371 18.131971392770854
20.315 1.027455886041073 18.138316724055414
20.325 1.0246677587193913 18.14460800686647
20.335 1.0317029641958742 18.15090536253993
20.345 1.030521283022532 18.15715838631957
20.355 1.026479398036917 18.163349871762083
20.365000000000002 1.0228343507919357 18.16948245044107
20.375 1.0326366844958943 18.175636486566667
20.385 1.0228807795590376 18.181695381184287
20.395 1.0249775092551496 18.187729579495507
20.405 1.037278699563601 18.193798595550167
20.415 1.033029573086757 18.19980526355274
20.425 1.0359156005692884 18.20579108139549
20.435 1.0250958204329461 18.21167710186929
20.445 1.0380580938823698 18.21759976194492
20.455000000000002 1.0221637293164487 18.223394487056726
20.465 1.0348215853966065 18.22922322019719
20.475 1.0278286726534085 18.23497503041616
20.485 1.0341138378336598 18.24072420906162
20.495 1.0281742138710641 18.246402740076864
20.505 1.0340433904006912 18.25207580551616
20.515 1.0320125189922238 18.257699883200107
20.525000000000002 1.0283533412870847 18.263266268693542
20.535 1.034516592771711 18.26882799832617
20.545 1.0295121655558377 18.274324950761862
20.555 1.0227278046530317 18.279748016707327
20.565 1.020430668206719 18.285121285182626
20.575 1.0181473250927449 18.290444958616696
20.585 1.0173206396885033 18.295726729301634
20.595 1.0091855528358107 18.300928945491822
20.605 1.017987960585814 18.30613885397392
20.615000000000002 1.0227031365364154 18.311334997301444
20.625 1.0191874709660245 18.316475472725763
20.635 1.019589890767093 18.321580118262908
20.645 1.0232242686378843 18.326664925783646
20.655 0.0 0.0
20.665 0.0 0.0
20.675 0.0 0.0
20.685 0.0 0.0
20.695 0.0 0.0
20.705000000000002 0.0 0.0
20.715 0.0 0.0
20.725 0.0 0.0
20.735 0.0 0.0
20.745 0.0 0.0
20.755 0.0 0.0
20.765 0.0 0.0
20.775000000000002 0.0 0.0
20.785 0.0 0.0
20.795 0.0 0.0
20.805 0.0 0.0
20.815 0.0 0.0
20.825 0.0 0.0
20.835 0.0 0.0
20.845 0.0 0.0
20.855 0.0 0.0
20.865000000000002 0.0 0.0
20.875 0.0 0.0
20.885 0.0 0.0
20.895 0.0 0.0
20.905 0.0 0.0
20.915 0.0 0.0
20.925 0.0 0.0
20.935 0.0 0.0
20.945 0.0 0.0
20.955000000000002 0.0 0.0
20.965 0.0 0.0
20.975 0.0 0.0
20.985 0.0 0.0
20.995 0.0 0.0
21.005 0.0 0.0
21.015 0.0 0.0
21.025000000000002 0.0 0.0
21.035 0.0 0.0
21.045 0.0 0.0
21.055 0.0 0.0
21.065 0.0 0.0
21.075 0.0 0.0
21.085 0.0 0.0
21.095 0.0 0.0
21.105 0.0 0.0
21.115000000000002 0.0 0.0
21.125 0.0 0.0
21.135 0.0 0.0
21.145 0.0 0.0
21.155 0.0 0.0
21.165 0.0 0.0
21.175 0.0 0.0
21.185 0.0 0.0
21.195 0.0 0.0
21.205000000000002 0.0 0.0
21.215 0.0 0.0
21.225 0.0 0.0
21.235 0.0 0.0
21.245 0.0 0.0
21.255 0.0 0.0
21.265 0.0 0.0
21.275000000000002 0.0 0.0
21.285 0.0 0.0
21.295 0.0 0.0
21.305 0.0 0.0
21.315 0.0 0.0
21.325 0.0 0.0
21.335 0.0 0.0
21.345 0.0 0.0
21.355 0.0 0.0
21.365000000000002 0.0 0.0
21.375 0.0 0.0
21.385 0.0 0.0
21.395 0.0 0.0
21.405 0.0 0.0
21.415 0.0 0.0
21.425 0.0 0.0
21.435 0.0 0.0
21.445 0.0 0.0
21.455000000000002 0.0 0.0
21.465 0.0 0.0
21.475 0.0 0.0
21.485 0.0 0.0
21.495 0.0 0.0
21.505 0.0 0.0
21.515 0.0 0.0
21.525000000000002 0.0 0.0
21.535 0.0 0.0
21.545 0.0 0.0
21.555 0.0 0.0
21.565 0.0 0.0
21.575 0.0 0.0
21.585 0.0 0.0
21.595 0.0 0.0
21.605 0.0 0.0
21.615000000000002 0.0 0.0
21.625 0.0 0.0
21.635 0.0 0.0
21.645 0.0 0.0
21.655 0.0 0.0
21.665 0.0 0.0
21.675 0.0 0.0
21.685 0.0 0.0
21.695 0.0 0.0
21.705000000000002 0.0 0.0
21.715 0.0 0.0
21.725 0.0 0.0
21.735 0.0 0.0
21.745 0.0 0.0
21.755 0.0 0.0
21.765 0.0 0.0
21.775000000000002 0.0 0.0
21.785 0.0 0.0
21.795 0.0 0.0
21.805 0.0 0.0
21.815 0.0 0.0
21.825 0.0 0.0
21.835 0.0 0.0
21.845 0.0 0.0
21.855 0.0 0.0
21.865000000000002 0.0 0.0
21.875 0.0 0.0
21.885 0.0 0.0
21.895 0.0 0.0
21.905 0.0 0.0
21.915 0.0 0.0
21.925 0.0 0.0
21.935 0.0 0.0
21.945 0.0 0.0
21.955000000000002 0.0 0.0
21.965 0.0 0.0
21.975 0.0 0.0
21.985 0.0 0.0
21.995 0.0 0.0
22.005 0.0 0.0
22.015 0.0 0.0
22.025000000000002 0.0 0.0
22.035 0.0 0.0
22.045 0.0 0.0
22.055 0.0 0.0
22.065 0.0 0.0
22.075 0.0 0.0
22.085 0.0 0.0
22.095 0.0 0.0
22.105 0.0 0.0
22.115000000000002 0.0 0.0
22.125 0.0 0.0
22.135 0.0 0.0
22.145 0.0 0.0
22.155 0.0 0.0
22.165 0.0 0.0
22.175 0.0 0.0
22.185 0.0 0.0
22.195 0.0 0.0
22.205000000000002 0.0 0.0
22.215 0.0 0.0
22.225 0.0 0.0
22.235 0.0 0.0
22.245 0.0 0.0
22.255 0.0 0.0
22.265 0.0 0.0
22.275000000000002 0.0 0.0
22.285 0.0 0.0
22.295 0.0 0.0
22.305 0.0 0.0
22.315 0.0 0.0
22.325 0.0 0.0
22.335 0.0 0.0
22.345 0.0 0.0
22.355 0.0 0.0
22.365000000000002 0.0 0.0
22.375 0.0 0.0
22.385 0.0 0.0
22.395 0.0 0.0
22.405 0.0 0.0
22.415 0.0 0.0
22.425 0.0 0.0
22.435 0.0 0.0
22.445 0.0 0.0
22.455000000000002 0.0 0.0
22.465 0.0 0.0
22.475 0.0 0.0
22.485 0.0 0.0
22.495 0.0 0.0
22.505 0.0 0.0
22.515 0.0 0.0
22.525000000000002 0.0 0.0
22.535 0.0 0.0
22.545 0.0 0.0
22.555 0.0 0.0
22.565 0.0 0.0
22.575 0.0 0.0
22.585 0.0 0.0
22.595 0.0 0.0
22.605 0.0 0.0
22.615000000000002 0.0 0.0
22.625 0.0 0.0
22.635 0.0 0.0
22.645 0.0 0.0
22.655 0.0 0.0
22.665 0.0 0.0
22.675 0.0 0.0
22.685 0.0 0.0
22.695 0.0 0.0
22.705000000000002 0.0 0.0
22.715 0.0 0.0
22.725 0.0 0.0
22.735 0.0 0.0
22.745 0.0 0.0
22.755 0.0 0.0
22.765 0.0 0.0
22.775000000000002 0.0 0.0
22.785 0.0 0.0
22.795 0.0 0.0
22.805 0.0 0.0
22.815 0.0 0.0
22.825 0.0 0.0
22.835 0.0 0.0
22.845 0.0 0.0
22.855 0.0 0.0
22.865000000000002 0.0 0.0
22.875 0.0 0.0
22.885 0.0 0.0
22.895 0.0 0.0
22.905 0.0 0.0
22.915 0.0 0.0
22.925 0.0 0.0
22.935 0.0 0.0
22.945 0.0 0.0
22.955000000000002 0.0 0.0
22.965 0.0 0.0
22.975 0.0 0.0
22.985 0.0 0.0
22.995 0.0 0.0
23.005 0.0 0.0
23.015 0.0 0.0
23.025000000000002 0.0 0.0
23.035 0.0 0.0
23.045 0.0 0.0
23.055 0.0 0.0
23.065 0.0 0.0
23.075 0.0 0.0
23.085 0.0 0.0
23.095 0.0 0.0
23.105 0.0 0.0
23.115000000000002 0.0 0.0
23.125 0.0 0.0
23.135 0.0 0.0
23.145 0.0 0.0
23.155 0.0 0.0
23.165 0.0 0.0
23.175 0.0 0.0
23.185 0.0 0.0
23.195 0.0 0.0
23.205000000000002 0.0 0.0
23.215 0.0 0.0
23.225 0.0 0.0
23.235 0.0 0.0
23.245 0.0 0.0
23.255 0.0 0.0
23.265 0.0 0.0
23.275000000000002 0.0 0.0
23.285 0.0 0.0
23.295 0.0 0.0
23.305 0.0 0.0
23.315 0.0 0.0
23.325 0.0 0.0
23.335 0.0 0.0
23.345 0.0 0.0
23.355 0.0 0.0
23.365000000000002 0.0 0.0
23.375 0.0 0.0
23.385 0.0 0.0
23.395 0.0 0.0
23.405 0.0 0.0
23.415 0.0 0.0
23.425 0.0 0.0
23.435 0.0 0.0
23.445 0.0 0.0
23.455000000000002 0.0 0.0
23.465 0.0 0.0
23.475 0.0 0.0
23.485 0.0 0.0
23.495 0.0 0.0
23.505 0.0 0.0
23.515 0.0 0.0
23.525000000000002 0.0 0.0
23.535 0.0 0.0
23.545 0.0 0.0
23.555 0.0 0.0
23.565 0.0 0.0
23.575 0.0 0.0
23.585 0.0 0.0
23.595 0.0 0.0
23.605 0.0 0.0
23.615000000000002 0.0 0.0
23.625 0.0 0.0
23.635 0.0 0.0
23.645 0.0 0.0
23.655 0.0 0.0
23.665 0.0 0.0
23.675 0.0 0.0
23.685 0.0 0.0
23.695 0.0 0.0
23.705000000000002 0.0 0.0
23.715 0.0 0.0
23.725 0.0 0.0
23.735 0.0 0.0
23.745 0.0 0.0
23.755 0.0 0.0
23.765 0.0 0.0
23.775000000000002 0.0 0.0
23.785 0.0 0.0
23.795 0.0 0.0
23.805 0.0 0.0
23.815 0.0 0.0
23.825 0.0 0.0
23.835 0.0 0.0
23.845 0.0 0.0
23.855 0.0 0.0
23.865000000000002 0.0 0.0
23.875 0.0 0.0
23.885 0.0 0.0
23.895 0.0 0.0
23.905 0.0 0.0
23.915 0.0 0.0
23.925 0.0 0.0
23.935000000000002 0.0 0.0
23.945 0.0 0.0
23.955000000000002 0.0 0.0
23.965 0.0 0.0
23.975 0.0 0.0
23.985 0.0 0.0
23.995 0.0 0.0
24.005 0.0 0.0
24.015 0.0 0.0
24.025000000000002 0.0 0.0
24.035 0.0 0.0
24.045 0.0 0.0
24.055 0.0 0.0
24.065 0.0 0.0
24.075 0.0 0.0
24.085 0.0 0.0
24.095 0.0 0.0
24.105 0.0 0.0
24.115000000000002 0.0 0.0
24.125 0.0 0.0
24.135 0.0 0.0
24.145 0.0 0.0
24.155 0.0 0.0
24.165 0.0 0.0
24.175 0.0 0.0
24.185000000000002 0.0 0.0
24.195 0.0 0.0
24.205000000000002 0.0 0.0
24.215 0.0 0.0
24.225 0.0 0.0
24.235 0.0 0.0
24.245 0.0 0.0
24.255 0.0 0.0
24.265 0.0 0.0
24.275000000000002 0.0 0.0
24.285 0.0 0.0
24.295 0.0 0.0
24.305 0.0 0.0
24.315 0.0 0.0
24.325 0.0 0.0
24.335 0.0 0.0
24.345 0.0 0.0
24.355 0.0 0.0
24.365000000000002 0.0 0.0
24.375 0.0 0.0
24.385 0.0 0.0
24.395 0.0 0.0
24.405 0.0 0.0
24.415 0.0 0.0
24.425 0.0 0.0
24.435000000000002 0.0 0.0
24.445 0.0 0.0
24.455000000000002 0.0 0.0
24.465 0.0 0.0
24.475 0.0 0.0
24.485 0.0 0.0
24.495 0.0 0.0
24.505 0.0 0.0
24.515 0.0 0.0
24.525000000000002 0.0 0.0
24.535 0.0 0.0
24.545 0.0 0.0
24.555 0.0 0.0
24.565 0.0 0.0
24.575 0.0 0.0
24.585 0.0 0.0
24.595 0.0 0.0
24.605 0.0 0.0
24.615000000000002 0.0 0.0
24.625 0.0 0.0
24.635 0.0 0.0
24.645 0.0 0.0
24.655 0.0 0.0
24.665 0.0 0.0
24.675 0.0 0.0
24.685000000000002 0.0 0.0
24.695 0.0 0.0
24.705000000000002 0.0 0.0
24.715 0.0 0.0
24.725 0.0 0.0
24.735 0.0 0.0
24.745 0.0 0.0
24.755 0.0 0.0
24.765 0.0 0.0
24.775000000000002 0.0 0.0
24.785 0.0 0.0
24.795 0.0 0.0
24.805 0.0 0.0
24.815 0.0 0.0
24.825 0.0 0.0
24.835 0.0 0.0
24.845 0.0 0.0
24.855 0.0 0.0
24.865000000000002 0.0 0.0
24.875 0.0 0.0
24.885 0.0 0.0
24.895 0.0 0.0
24.905 0.0 0.0
24.915 0.0 0.0
24.925 0.0 0.0
24.935000000000002 0.0 0.0
24.945 0.0 0.0
24.955000000000002 0.0 0.0
24.965 0.0 0.0
24.975 0.0 0.0
24.985 0.0 0.0
24.995 0.0 0.0
25.005 0.0 0.0
25.015 0.0 0.0
25.025000000000002 0.0 0.0
25.035 0.0 0.0
25.045 0.0 0.0
25.055 0.0 0.0
25.065 0.0 0.0
25.075 0.0 0.0
25.085 0.0 0.0
25.095 0.0 0.0
25.105 0.0 0.0
25.115000000000002 0.0 0.0
25.125 0.0 0.0
25.135 0.0 0.0
25.145 0.0 0.0
25.155 0.0 0.0
25.165 0.0 0.0
25.175 0.0 0.0
25.185000000000002 0.0 0.0
25.195 0.0 0.0
25.205000000000002 0.0 0.0
25.215 0.0 0.0
25.225 0.0 0.0
25.235 0.0 0.0
25.245 0.0 0.0
25.255 0.0 0.0
25.265 0.0 0.0
25.275000000000002 0.0 0.0
25.285 0.0 0.0
25.295 0.0 0.0
25.305 0.0 0.0
25.315 0.0 0.0
25.325 0.0 0.0
25.335 0.0 0.0
25.345 0.0 0.0
25.355 0.0 0.0
25.365000000000002 0.0 0.0
25.375 0.0 0.0
25.385 0.0 0.0
25.395 0.0 0.0
25.405 0.0 0.0
25.415 0.0 0.0
25.425 0.0 0.0
25.435000000000002 0.0 0.0
25.445 0.0 0.0
25.455000000000002 0.0 0.0
25.465 0.0 0.0
25.475 0.0 0.0
25.485 0.0 0.0
25.495 0.0 0.0
25.505 0.0 0.0
25.515 0.0 0.0
25.525000000000002 0.0 0.0
25.535 0.0 0.0
25.545 0.0 0.0
25.555 0.0 0.0
25.565 0.0 0.0
25.575 0.0 0.0
25.585 0.0 0.0
25.595 0.0 0.0
25.605 0.0 0.0
25.615000000000002 0.0 0.0
25.625 0.0 0.0
25.635 0.0 0.0
25.645 0.0 0.0
25.655 0.0 0.0
25.665 0.0 0.0
25.675 0.0 0.0
25.685000000000002 0.0 0.0
25.695 0.0 0.0
25.705000000000002 0.0 0.0
25.715 0.0 0.0
25.725 0.0 0.0
25.735 0.0 0.0
25.745 0.0 0.0
25.755 0.0 0.0
25.765 0.0 0.0
25.775000000000002 0.0 0.0
25.785 0.0 0.0
25.795 0.0 0.0
25.805 0.0 0.0
25.815 0.0 0.0
25.825 0.0 0.0
25.835 0.0 0.0
25.845 0.0 0.0
25.855 0.0 0.0
25.865000000000002 0.0 0.0
25.875 0.0 0.0
25.885 0.0 0.0
25.895 0.0 0.0
25.905 0.0 0.0
25.915 0.0 0.0
25.925 0.0 0.0
25.935000000000002 0.0 0.0
25.945 0.0 0.0
25.955000000000002 0.0 0.0
25.965 0.0 0.0
25.975 0.0 0.0
25.985 0.0 0.0
25.995 0.0 0.0
26.005 0.0 0.0
26.015 0.0 0.0
26.025000000000002 0.0 0.0
26.035 0.0 0.0
26.045 0.0 0.0
26.055 0.0 0.0
26.065 0.0 0.0
26.075 0.0 0.0
26.085 0.0 0.0
26.095 0.0 0.0
26.105 0.0 0.0
26.115000000000002 0.0 0.0
26.125 0.0 0.0
26.135 0.0 0.0
26.145 0.0 0.0
26.155 0.0 0.0
26.165 0.0 0.0
26.175 0.0 0.0
26.185000000000002 0.0 0.0
26.195 0.0 0.0
26.205000000000002 0.0 0.0
26.215 0.0 0.0
26.225 0.0 0.0
26.235 0.0 0.0
26.245 0.0 0.0
26.255 0.0 0.0
26.265 0.0 0.0
26.275000000000002 0.0 0.0
26.285 0.0 0.0
26.295 0.0 0.0
26.305 0.0 0.0
26.315 0.0 0.0
26.325 0.0 0.0
26.335 0.0 0.0
26.345 0.0 0.0
26.355 0.0 0.0
26.365000000000002 0.0 0.0
26.375 0.0 0.0
26.385 0.0 0.0
26.395 0.0 0.0
26.405 0.0 0.0
26.415 0.0 0.0
26.425 0.0 0.0
26.435000000000002 0.0 0.0
26.445 0.0 0.0
26.455000000000002 0.0 0.0
26.465 0.0 0.0
26.475 0.0 0.0
26.485 0.0 0.0
26.495 0.0 0.0
26.505 0.0 0.0
26.515 0.0 0.0
26.525000000000002 0.0 0.0
26.535 0.0 0.0
26.545 0.0 0.0
26.555 0.0 0.0
26.565 0.0 0.0
26.575 0.0 0.0
26.585 0.0 0.0
26.595 0.0 0.0
26.605 0.0 0.0
26.615000000000002 0.0 0.0
26.625 0.0 0.0
26.635 0.0 0.0
26.645 0.0 0.0
26.655 0.0 0.0
26.665 0.0 0.0
26.675 0.0 0.0
26.685000000000002 0.0 0.0
26.695 0.0 0.0
26.705000000000002 0.0 0.0
26.715 0.0 0.0
26.725 0.0 0.0
26.735 0.0 0.0
26.745 0.0 0.0
26.755 0.0 0.0
26.765 0.0 0.0
26.775000000000002 0.0 0.0
26.785 0.0 0.0
26.795 0.0 0.0
26.805 0.0 0.0
26.815 0.0 0.0
26.825 0.0 0.0
26.835 0.0 0.0
26.845 0.0 0.0
26.855 0.0 0.0
26.865000000000002 0.0 0.0
26.875 0.0 0.0
26.885 0.0 0.0
26.895 0.0 0.0
26.905 0.0 0.0
26.915 0.0 0.0
26.925 0.0 0.0
26.935000000000002 0.0 0.0
26.945 0.0 0.0
26.955000000000002 0.0 0.0
26.965 0.0 0.0
26.975 0.0 0.0
26.985 0.0 0.0
26.995 0.0 0.0
27.005 0.0 0.0
27.015 0.0 0.0
27.025000000000002 0.0 0.0
27.035 0.0 0.0
27.045 0.0 0.0
27.055 0.0 0.0
27.065 0.0 0.0
27.075 0.0 0.0
27.085 0.0 0.0
27.095 0.0 0.0
27.105 0.0 0.0
27.115000000000002 0.0 0.0
27.125 0.0 0.0
27.135 0.0 0.0
27.145 0.0 0.0
27.155 0.0 0.0
27.165 0.0 0.0
27.175 0.0 0.0
27.185000000000002 0.0 0.0
27.195 0.0 0.0
27.205000000000002 0.0 0.0
27.215 0.0 0.0
27.225 0.0 0.0
27.235 0.0 0.0
27.245 0.0 0.0
27.255 0.0 0.0
27.265 0.0 0.0
27.275000000000002 0.0 0.0
27.285 0.0 0.0
27.295 0.0 0.0
27.305 0.0 0.0
27.315 0.0 0.0
27.325 0.0 0.0
27.335 0.0 0.0
27.345 0.0 0.0
27.355 0.0 0.0
27.365000000000002 0.0 0.0
27.375 0.0 0.0
27.385 0.0 0.0
27.395 0.0 0.0
27.405 0.0 0.0
27.415 0.0 0.0
27.425 0.0 0.0
27.435000000000002 0.0 0.0
27.445 0.0 0.0
27.455000000000002 0.0 0.0
27.465 0.0 0.0
27.475 0.0 0.0
27.485 0.0 0.0
27.495 0.0 0.0
27.505 0.0 0.0
27.515 0.0 0.0
27.525000000000002 0.0 0.0
27.535 0.0 0.0
27.545 0.0 0.0
27.555 0.0 0.0
27.565 0.0 0.0
27.575 0.0 0.0
27.585 0.0 0.0
27.595 0.0 0.0
27.605 0.0 0.0
27.615000000000002 0.0 0.0
27.625 0.0 0.0
27.635 0.0 0.0
27.645 0.0 0.0
27.655 0.0 0.0
27.665 0.0 0.0
27.675 0.0 0.0
27.685000000000002 0.0 0.0
27.695 0.0 0.0
27.705000000000002 0.0 0.0
27.715 0.0 0.0
27.725 0.0 0.0
27.735 0.0 0.0
27.745 0.0 0.0
27.755 0.0 0.0
27.765 0.0 0.0
27.775000000000002 0.0 0.0
27.785 0.0 0.0
27.795 0.0 0.0
27.805 0.0 0.0
27.815 0.0 0.0
27.825 0.0 0.0
27.835 0.0 0.0
27.845 0.0 0.0
27.855 0.0 0.0
27.865000000000002 0.0 0.0
27.875 0.0 0.0
27.885 0.0 0.0
27.895 0.0 0.0
27.905 0.0 0.0
27.915 0.0 0.0
27.925 0.0 0.0
27.935000000000002 0.0 0.0
27.945 0.0 0.0
27.955000000000002 0.0 0.0
27.965 0.0 0.0
27.975 0.0 0.0
27.985 0.0 0.0
27.995 0.0 0.0
28.005 0.0 0.0
28.015 0.0 0.0
28.025000000000002 0.0 0.0
28.035 0.0 0.0
28.045 0.0 0.0
28.055 0.0 0.0
28.065 0.0 0.0
28.075 0.0 0.0
28.085 0.0 0.0
28.095 0.0 0.0
28.105 0.0 0.0
28.115000000000002 0.0 0.0
28.125 0.0 0.0
28.135 0.0 0.0
28.145 0.0 0.0
28.155 0.0 0.0
28.165 0.0 0.0
28.175 0.0 0.0
28.185000000000002 0.0 0.0
28.195 0.0 0.0
28.205000000000002 0.0 0.0
28.215 0.0 0.0
28.225 0.0 0.0
28.235 0.0 0.0
28.245 0.0 0.0
28.255 0.0 0.0
28.265 0.0 0.0
28.275000000000002 0.0 0.0
28.285 0.0 0.0
28.295 0.0 0.0
28.305 0.0 0.0
28.315 0.0 0.0
28.325 0.0 0.0
28.335 0.0 0.0
28.345 0.0 0.0
28.355 0.0 0.0
28.365000000000002 0.0 0.0
28.375 0.0 0.0
28.385 0.0 0.0
28.395 0.0 0.0
28.405 0.0 0.0
28.415 0.0 0.0
28.425 0.0 0.0
28.435000000000002 0.0 0.0
28.445 0.0 0.0
28.455000000000002 0.0 0.0
28.465 0.0 0.0
28.475 0.0 0.0
28.485 0.0 0.0
28.495 0.0 0.0
28.505 0.0 0.0
28.515 0.0 0.0
28.525000000000002 0.0 0.0
28.535 0.0 0.0
28.545 0.0 0.0
28.555 0.0 0.0
28.565 0.0 0.0
28.575 0.0 0.0
28.585 0.0 0.0
28.595 0.0 0.0
28.605 0.0 0.0
28.615000000000002 0.0 0.0
28.625 0.0 0.0
28.635 0.0 0.0
28.645 0.0 0.0
28.655 0.0 0.0
28.665 0.0 0.0
28.675 0.0 0.0
28.685000000000002 0.0 0.0
28.695 0.0 0.0
28.705000000000002 0.0 0.0
28.715 0.0 0.0
28.725 0.0 0.0
28.735 0.0 0.0
28.745 0.0 0.0
28.755 0.0 0.0
28.765 0.0 0.0
28.775000000000002 0.0 0.0
28.785 0.0 0.0
28.795 0.0 0.0
28.805 0.0 0.0
28.815 0.0 0.0
28.825 0.0 0.0
28.835 0.0 0.0
28.845 0.0 0.0
28.855 0.0 0.0
28.865000000000002 0.0 0.0
28.875 0.0 0.0
28.885 0.0 0.0
28.895 0.0 0.0
28.905 0.0 0.0
28.915 0.0 0.0
28.925 0.0 0.0
28.935000000000002 0.0 0.0
28.945 0.0 0.0
28.955000000000002 0.0 0.0
28.965 0.0 0.0
28.975 0.0 0.0
28.985 0.0 0.0
28.995 0.0 0.0
29.005 0.0 0.0
29.015 0.0 0.0
29.025000000000002 0.0 0.0
29.035 0.0 0.0
29.045 0.0 0.0
29.055 0.0 0.0
29.065 0.0 0.0
29.075 0.0 0.0
29.085 0.0 0.0
29.095 0.0 0.0
29.105 0.0 0.0
29.115000000000002 0.0 0.0
29.125 0.0 0.0
29.135 0.0 0.0
29.145 0.0 0.0
29.155 0.0 0.0
29.165 0.0 0.0
29.175 0.0 0.0
29.185000000000002 0.0 0.0
29.195 0.0 0.0
29.205000000000002 0.0 0.0
29.215 0.0 0.0
29.225 0.0 0.0
29.235 0.0 0.0
29.245 0.0 0.0
29.255 0.0 0.0
29.265 0.0 0.0
29.275000000000002 0.0 0.0
29.285 0.0 0.0
29.295 0.0 0.0
29.305 0.0 0.0
29.315 0.0 0.0
29.325 0.0 0.0
29.335 0.0 0.0
29.345 0.0 0.0
29.355 0.0 0.0
29.365000000000002 0.0 0.0
29.375 0.0 0.0
29.385 0.0 0.0
29.395 0.0 0.0
29.405 0.0 0.0
29.415 0.0 0.0
29.425 0.0 0.0
29.435000000000002 0.0 0.0
29.445 0.0 0.0
29.455000000000002 0.0 0.0
29.465 0.0 0.0
29.475 0.0 0.0
29.485 0.0 0.0
29.495 0.0 0.0
29.505 0.0 0.0
29.515 0.0 0.0
29.525000000000002 0.0 0.0
29.535 0.0 0.0
29.545 0.0 0.0
29.555 0.0 0.0
29.565 0.0 0.0
29.575 0.0 0.0
29.585 0.0 0.0
29.595 0.0 0.0
29.605 0.0 0.0
29.615000000000002 0.0 0.0
29.625 0.0 0.0
29.635 0.0 0.0
29.645 0.0 0.0
29.655 0.0 0.0
29.665 0.0 0.0
29.675 0.0 0.0
29.685000000000002 0.0 0.0
29.695 0.0 0.0
29.705000000000002 0.0 0.0
29.715 0.0 0.0
29.725 0.0 0.0
29.735 0.0 0.0
29.745 0.0 0.0
29.755 0.0 0.0
29.765 0.0 0.0
29.775000000000002 0.0 0.0
29.785 0.0 0.0
29.795 0.0 0.0
29.805 0.0 0.0
29.815 0.0 0.0
29.825 0.0 0.0
29.835 0.0 0.0
29.845 0.0 0.0
29.855 0.0 0.0
29.865000000000002 0.0 0.0
29.875 0.0 0.0
29.885 0.0 0.0
29.895 0.0 0.0
29.905 0.0 0.0
29.915 0.0 0.0
29.925 0.0 0.0
29.935000000000002 0.0 0.0
29.945 0.0 0.0
29.955000000000002 0.0 0.0
29.965 0.0 0.0
29.975 0.0 0.0
29.985 0.0 0.0
29.995 0.0 0.0
30.005 0.0 0.0
