0.005 0.0 0.0
0.015 0.0 0.0
0.025 0.0 0.0
0.035 0.0 0.0
0.045 0.0 0.0
0.055 0.0 0.0
0.065 0.0 0.0
0.075 0.0 0.0
0.085 0.0 0.0
0.095 0.0 0.0
0.105 0.0 0.0
0.115 0.0 0.0
0.125 0.0 0.0
0.135 0.0 0.0
0.145 0.0 0.0
0.155 0.0 0.0
0.165 0.0 0.0
0.17500000000000002 0.0 0.0
0.185 0.0 0.0
0.195 0.0 0.0
0.20500000000000002 0.0 0.0
0.215 0.0 0.0
0.225 0.0 0.0
0.23500000000000001 0.0 0.0
0.245 0.0 0.0
0.255 0.0 0.0
0.265 0.0 0.0
0.275 0.0 0.0
0.28500000000000003 0.0 0.0
0.295 0.0 0.0
0.305 0.0 0.0
0.315 0.0 0.0
0.325 0.0 0.0
0.335 0.0 0.0
0.34500000000000003 0.0 0.0
0.355 0.0 0.0
0.365 0.0 0.0
0.375 0.0 0.0
0.385 0.0 0.0
0.395 0.0 0.0
0.405 0.0 0.0
0.41500000000000004 0.0 0.0
0.425 0.0 0.0
0.435 0.0 0.0
0.445 0.0 0.0
0.455 0.0 0.0
0.465 0.0 0.0
0.47500000000000003 0.0 0.0
0.485 0.0 0.0
0.495 0.0 0.0
0.505 0.0 0.0
0.515 0.0 0.0
0.525 0.0 0.0
0.535 0.0 0.0
0.545 0.0 0.0
0.555 0.0 0.0
0.5650000000000001 0.0 0.0
0.5750000000000001 0.0 0.0
0.585 0.0 0.0
0.595 0.0 0.0
0.605 0.0 0.0
0.615 0.0 0.0
0.625 0.0 0.0
0.635 0.0 0.0
0.645 0.0 0.0
0.655 0.0 0.0
0.665 0.0 0.0
0.675 0.0 0.0
0.685 0.0 0.0
0.6950000000000001 0.0 0.0
0.705 0.0 0.0
0.715 0.0 0.0
0.725 0.0 0.0
0.735 0.0 0.0
0.745 0.0 0.0
0.755 0.0 0.0
0.765 0.0 0.0
0.775 0.0 0.0
0.785 0.0 0.0
0.795 0.0 0.0
0.805 0.0 0.0
0.8150000000000001 0.0 0.0
0.8250000000000001 0.0 0.0
0.835 0.0 0.0
0.845 0.0 0.0
0.855 0.0 0.0
0.865 0.0 0.0
0.875 0.0 0.0
0.885 0.0 0.0
0.895 0.0 0.0
0.905 0.0 0.0
0.915 0.0 0.0
0.925 0.0 0.0
0.935 0.0 0.0
0.9450000000000001 0.0 0.0
0.9550000000000001 0.0 0.0
0.965 0.0 0.0
0.975 0.0 0.0
0.985 0.0 0.0
0.995 0.0 0.0
1.0050000000000001 0.0 0.0
1.0150000000000001 0.0 0.0
1.025 0.0 0.0
1.035 0.0 0.0
1.045 0.0 0.0
1.055 0.0 0.0
1.065 0.0 0.0
1.075 0.0 0.0
1.085 0.0 0.0
1.095 0.0 0.0
1.105 0.0 0.0
1.115 0.0 0.0
1.125 0.0 0.0
1.135 0.0 0.0
1.145 0.0 0.0
1.155 0.0 0.0
1.165 0.0 0.0
1.175 0.0 0.0
1.185 0.0 0.0
1.195 0.0 0.0
1.205 0.0 0.0
1.215 0.0 0.0
1.225 0.0 0.0
1.235 0.0 0.0
1.245 0.0 0.0
1.2550000000000001 0.0 0.0
1.2650000000000001 0.0 0.0
1.2750000000000001 0.0 0.0
1.285 0.0 0.0
1.295 0.0 0.0
1.305 0.0 0.0
1.315 0.0 0.0
1.325 0.0 0.0
1.335 0.0 0.0
1.345 0.0 0.0
1.355 0.0 0.0
1.365 0.0 0.0
1.375 0.0 0.0
1.385 0.0 0.0
1.395 0.0 0.0
1.405 0.0 0.0
1.415 0.0 0.0
1.425 0.0 0.0
1.435 0.0 0.0
1.445 0.0 0.0
1.455 0.0 0.0
1.465 0.0 0.0
1.475 0.0 0.0
1.485 0.0 0.0
1.495 0.0 0.0
1.5050000000000001 0.0 0.0
1.5150000000000001 0.0 0.0
1.5250000000000001 0.0 0.0
1.5350000000000001 0.0 0.0
1.545 0.0 0.0
1.555 0.0 0.0
1.565 0.0 0.0
1.575 0.0 0.0
1.585 0.0 0.0
1.595 0.0 0.0
1.605 0.0 0.0
1.615 0.0 0.0
1.625 0.0 0.0
1.635 0.0 0.0
1.645 0.0 0.0
1.655 0.0 0.0
1.665 0.0 0.0
1.675 0.0 0.0
1.685 0.0 0.0
1.695 0.0 0.0
1.705 0.0 0.0
1.715 0.0 0.0
1.725 0.0 0.0
1.735 0.0 0.0
1.745 0.0 0.0
1.7550000000000001 0.0 0.0
1.7650000000000001 0.0 0.0
1.7750000000000001 0.0 0.0
1.7850000000000001 0.0 0.0
1.795 0.0 0.0
1.805 0.0 0.0
1.815 0.0 0.0
1.825 0.0 0.0
1.835 0.0 0.0
1.845 0.0 0.0
1.855 0.0 0.0
1.865 0.0 0.0
1.875 0.0 0.0
1.885 0.0 0.0
1.895 0.0 0.0
1.905 0.0 0.0
1.915 0.0 0.0
1.925 0.0 0.0
1.935 0.0 0.0
1.945 0.0 0.0
1.955 0.0 0.0
1.965 0.0 0.0
1.975 0.0 0.0
1.985 0.0 0.0
1.995 0.0 0.0
2.005 0.0 0.0
2.015 0.0 0.0
2.025 0.0 0.0
2.035 0.0 0.0
2.045 0.0 0.0
2.055 0.0 0.0
2.065 0.0 0.0
2.075 0.0 0.0
2.085 0.0 0.0
2.095 0.0 0.0
2.105 0.0 0.0
2.115 0.0 0.0
2.125 0.0 0.0
2.1350000000000002 0.0 0.0
2.145 0.0 0.0
2.1550000000000002 0.0 0.0
2.165 0.0 0.0
2.1750000000000003 0.0 0.0
2.185 0.0 0.0
2.195 0.0 0.0
2.205 0.0 0.0
2.215 0.0 0.0
2.225 0.0 0.0
2.235 0.0 0.0
2.245 0.0 0.0
2.255 0.0 0.0
2.265 0.0 0.0
2.275 0.0 0.0
2.285 0.0 0.0
2.295 0.0 0.0
2.305 0.0 0.0
2.315 0.0 0.0
2.325 0.0 0.0
2.335 0.0 0.0
2.345 0.0 0.0
2.355 0.0 0.0
2.365 0.0 0.0
2.375 0.0 0.0
2.3850000000000002 0.0 0.0
2.395 0.0 0.0
2.4050000000000002 0.0 0.0
2.415 0.0 0.0
2.4250000000000003 0.0 0.0
2.435 0.0 0.0
2.445 0.0 0.0
2.455 0.0 0.0
2.465 0.0 0.0
2.475 0.0 0.0
2.485 0.0 0.0
2.495 0.0 0.0
2.505 0.0 0.0
2.515 0.0 0.0
2.525 0.0 0.0
2.535 0.0 0.0
2.545 0.0 0.0
2.555 0.0 0.0
2.565 0.0 0.0
2.575 0.0 0.0
2.585 0.0 0.0
2.595 0.0 0.0
2.605 0.0 0.0
2.615 0.0 0.0
2.625 0.0 0.0
2.6350000000000002 0.0 0.0
2.645 0.0 0.0
2.6550000000000002 0.0 0.0
2.665 0.0 0.0
2.6750000000000003 0.0 0.0
2.685 0.0 0.0
2.695 0.0 0.0
2.705 0.0 0.0
2.715 0.0 0.0
2.725 0.0 0.0
2.735 0.0 0.0
2.745 0.0 0.0
2.755 0.0 0.0
2.765 0.0 0.0
2.775 0.0 0.0
2.785 0.0 0.0
2.795 0.0 0.0
2.805 0.0 0.0
2.815 0.0 0.0
2.825 0.0 0.0
2.835 0.0 0.0
2.845 0.0 0.0
2.855 0.0 0.0
2.865 0.0 0.0
2.875 0.0 0.0
2.8850000000000002 0.0 0.0
2.895 0.0 0.0
2.9050000000000002 0.0 0.0
2.915 0.0 0.0
2.9250000000000003 0.0 0.0
2.935 0.0 0.0
2.945 0.0 0.0
2.955 0.0 0.0
2.965 0.0 0.0
2.975 0.0 0.0
2.985 0.0 0.0
2.995 0.0 0.0
3.005 0.0 0.0
3.015 0.0 0.0
3.025 0.0 0.0
3.035 0.0 0.0
3.045 0.0 0.0
3.055 0.0 0.0
3.065 0.0 0.0
3.075 0.0 0.0
3.085 0.0 0.0
3.095 0.0 0.0
3.105 0.0 0.0
3.115 0.0 0.0
3.125 0.0 0.0
3.1350000000000002 0.0 0.0
3.145 0.0 0.0
3.1550000000000002 0.0 0.0
3.165 0.0 0.0
3.1750000000000003 0.0 0.0
3.185 0.0 0.0
3.1950000000000003 0.0 0.0
3.205 0.0 0.0
3.215 0.0 0.0
3.225 0.0 0.0
3.235 0.0 0.0
3.245 0.0 0.0
3.255 0.0 0.0
3.265 0.0 0.0
3.275 0.0 0.0
3.285 0.0 0.0
3.295 0.0 0.0
3.305 0.0 0.0
3.315 0.0 0.0
3.325 0.0 0.0
3.335 0.0 0.0
3.345 0.0 0.0
3.355 0.0 0.0
3.365 0.0 0.0
3.375 0.0 0.0
3.3850000000000002 0.0 0.0
3.395 0.0 0.0
3.4050000000000002 0.0 0.0
3.415 0.0 0.0
3.4250000000000003 0.0 0.0
3.435 0.0 0.0
3.4450000000000003 0.0 0.0
3.455 0.0 0.0
3.465 0.0 0.0
3.475 0.0 0.0
3.485 0.0 0.0
3.495 0.0 0.0
3.505 0.0 0.0
3.515 0.0 0.0
3.525 0.0 0.0
3.535 0.0 0.0
3.545 0.0 0.0
3.555 0.0 0.0
3.565 0.0 0.0
3.575 0.0 0.0
3.585 0.0 0.0
3.595 0.0 0.0
3.605 0.0 0.0
3.615 0.0 0.0
3.625 0.0 0.0
3.6350000000000002 0.0 0.0
3.645 0.0 0.0
3.6550000000000002 0.0 0.0
3.665 0.0 0.0
3.6750000000000003 0.0 0.0
3.685 0.0 0.0
3.6950000000000003 0.0 0.0
3.705 0.0 0.0
3.715 0.0008037755263477015 1.0638184700162765e-6
3.725 0.0 1.0638184700162765e-6
3.735 0.0 1.0638184700162765e-6
3.745 0.0007909495345285589 2.127636940032553e-6
3.755 0.0 2.127636940032553e-6
3.765 0.0015651373527181284 4.255273880065106e-6
3.775 0.0007784281110369835 5.319092350081382e-6
3.785 0.000774320320536516 6.382910820097658e-6
3.795 0.0 6.382910820097658e-6
3.805 0.0022986050656219107 9.574366230146487e-6
3.815 0.002286570511689081 1.2765821640195316e-5
3.825 0.005307470520111851 2.021255093030926e-5
3.835 0.000754261072448306 2.1276369400325532e-5
3.845 0.0037517142097265566 2.659546175040692e-5
3.855 0.005225185447438563 3.404219104052086e-5
3.865 0.002970389694474562 3.8297464920585973e-5
3.875 0.004432617662068945 4.468037574068362e-5
3.8850000000000002 0.004409827904369024 5.106328656078126e-5
3.895 0.002193606725991546 5.425474197083007e-5
3.9050000000000002 0.002909848341009001 5.851001585089517e-5
3.915 0.0043425033124363166 6.48929266709928e-5
3.9250000000000003 0.005040471457880059 7.233965596110671e-5
3.935 0.007880534142529207 8.40416591312857e-5
3.9450000000000003 0.004276708794160862 9.042456995138334e-5
3.955 0.005673479067767005 9.893511771151352e-5
3.9650000000000003 0.007056121712300433 0.00010957330241167626
3.975 0.011233062222482198 0.00012659439793193662
3.985 0.009779661731322113 0.00014148785651216443
3.995 0.007645599912336644 0.00015318985968234343
4.005 0.011065407016275354 0.0001702109552026038
4.015 0.00825776651543331 0.00018297677684279927
4.025 0.010270981410266557 0.00019893405389304365
4.035 0.011582819747974038 0.0002170189678833206
4.045 0.01627146459478008 0.00024255061116371159
4.055 0.014842033945994114 0.00026595461750407
4.065 0.01678306848337996 0.0002925500792544773
4.075 0.016032766756779965 0.0003180817225348683
4.085 0.017283897665606396 0.00034574100275529187
4.095 0.025137856662165187 0.00038616610461591095
4.105 0.022382317718364464 0.00042233593259646487
4.115 0.014412372055845616 0.00044573993893682327
4.125 0.013038707839356583 0.0004670163083371491
4.135 0.025302652119019713 0.0005085052286677845
4.1450000000000005 0.028409008256210216 0.0005553132413485013
4.155 0.025059650982474667 0.0005968021616791367
4.165 0.03644998152123817 0.0006574398144700653
4.175 0.02863861581259991 0.0007053116456207966
4.1850000000000005 0.03230217173408311 0.0007595663875916237
4.195 0.028996552928662746 0.0008085020372123698
4.205 0.03952401190465132 0.0008755226008233916
4.215 0.033717166854971475 0.0009329687982042672
4.225 0.03293630814766412 0.0009893511771151267
4.235 0.038966033113504286 0.0010563717407261483
4.245 0.05109462067402845 0.0011446686737374941
4.255 0.0453403708408523 0.0012233912405186943
4.265 0.05427557256296232 0.0013180710843501376
4.275 0.04795206696091084 0.0014021127434814193
4.285 0.06464495016394937 0.0015159413197731546
4.295 0.0601348378695801 0.0016223231667747758
4.305 0.060454348303920165 0.0017297688322464133
4.315 0.06374918840815064 0.0018435974085381488
4.325 0.0699781194205064 0.0019691279880000626
4.335 0.07614896256913338 0.002106360570632155
4.345 0.07873679305389086 0.002248912245614328
4.355 0.08422454228656058 0.002402102105296664
4.365 0.07627027048063208 0.002541462324868788
4.375 0.08983137997588793 0.0027063541877213014
4.385 0.0848067905658815 0.0028627355028137216
4.3950000000000005 0.10681879511847713 0.0030606057382367934
4.405 0.09718731551071501 0.0032414548781395953
4.415 0.09959307096745354 0.003427623110392485
4.425 0.13370201269310575 0.003678684269316382
4.4350000000000005 0.11900020235344073 0.0039031499664898633
4.445 0.13530878854708178 0.004159530217763836
4.455 0.14699847399432844 0.004439314475378178
4.465 0.13521218860699025 0.004697822363592187
4.4750000000000005 0.14180984495908025 0.004970159891916407
4.485 0.1516562440914021 0.005262709971170945
4.495 0.15153124369714763 0.005556323868895492
4.505 0.15741836441017074 0.005862703588260241
4.515 0.17250284112514525 0.00619993404325548
4.525 0.1744500927899341 0.0065424835906008035
4.535 0.19903263116613007 0.0069350326060368915
4.545 0.1949356864081496 0.007321198710652885
4.555 0.19675399467208943 0.00771268390761896
4.565 0.20334537659595195 0.008119062563165271
4.575 0.2146472508062058 0.008549909043521963
4.585 0.226376383196589 0.009006287167159049
4.595 0.22696830841454044 0.009465856746206184
4.605 0.23487650623563053 0.009943511239243601
4.615 0.2833400694200291 0.010522228486932583
4.625 0.2603351146162367 0.0110562653588807
4.635 0.2922600556759311 0.011658386612909449
4.6450000000000005 0.2781495346115683 0.012233912405187774
4.655 0.2974330822587156 0.012851990936266785
4.665 0.31501968256675 0.013509430750736325
4.675 0.3136734466602839 0.01416687056520583
4.6850000000000005 0.3290139484737918 0.014859416389185878
4.695 0.3457307884469474 0.015590259678086528
4.705 0.3678148995878403 0.01637110243507798
4.715 0.39320165531483786 0.01720939138945022
4.7250000000000005 0.3945203334826153 0.018054063254642535
4.735 0.4111625705911801 0.01893809640322544
4.745 0.44638365134967833 0.0199019159370595
4.755 0.45579251433014467 0.020890203295703916
4.765 0.4377586307000769 0.021843384644838065
4.775 0.4529554060309199 0.022833799640422463
4.785 0.5106569482505141 0.023955064307818696
4.795 0.507081787445439 0.025073137519804955
4.805 0.5131413221559152 0.02620929564578141
4.815 0.5363713232157838 0.027401836150668688
4.825 0.5446332059832011 0.02861778066189633
4.835 0.5509241179472538 0.029852873905584193
4.845 0.6034702391838617 0.031211370091793925
4.855 0.5972218342110199 0.03256135573024352
4.865 0.6200785081241212 0.03396878756607402
4.875 0.6763502735966438 0.03551026052912649
4.885 0.6638219314458266 0.037029393304308704
4.8950000000000005 0.6824087976255455 0.038597461729111646
4.905 0.7132878341758759 0.040243188902225696
4.915 0.7485022103689691 0.04197721300835096
4.925 0.7299161032467508 0.04367506728649615
4.9350000000000005 0.7802532337607815 0.045497388325638155
4.945 0.7893492221526983 0.047348432463470626
4.955 0.8128237320151143 0.049262241891034404
4.965 0.817652844162757 0.0511952000510581
4.9750000000000005 0.8116799362278655 0.05312177530026102
4.985 0.8923495317914231 0.05524834842182755
4.995 0.8407620018893364 0.05726002914863217
5.005 0.8560048450973253 0.05931639025117738
5.015 0.880823155758727 0.06144083573580335
5.025 0.8856679504098212 0.06358549377135832
5.035 0.9132213021408186 0.06580568291828487
5.045 0.9026310989490492 0.06800885096969152
5.055 0.9411730725799056 0.0703152094126898
5.065 0.9478381531112232 0.07264709949896868
5.075 0.963057554786139 0.07502579759792725
5.085 0.9880173257881606 0.07747577153437676
5.095 0.999526660574183 0.07996404293574749
5.105 1.022856751227065 0.082520398719199
5.115 1.0146212669849002 0.08506611631794912
5.125 1.0520551998082108 0.08771608812676135
5.135 1.0277680453534037 0.09031499664901663
5.1450000000000005 1.0510159677268986 0.09298305337182286
5.155 1.04068065110283 0.09563515281757749
5.165 1.0424763795587293 0.09830214572191327
5.175 1.0678610513307005 0.10104466973761969
5.1850000000000005 1.0732363486577663 0.10381166157813683
5.195 1.0695195591398112 0.10657971723712398
5.205 1.0834301460281655 0.10939458090879127
5.215 1.0597003189793355 0.11215838129389755
5.2250000000000005 1.0532099466623508 0.11491579876818322
5.235 1.111526204455232 0.11783704428685136
5.245 1.0996303001350423 0.12073807725458845
5.255 1.1026798891771588 0.12365825895478644
5.265 1.0816875747190795 0.12653376027924235
5.275 1.064434348063353 0.1293741555941868
5.285 1.087019566396787 0.13228582674662315
5.295 1.1027005410557038 0.1352506888225608
5.305 1.1013064268613624 0.1382229976277886
5.315 1.0598609610867185 0.14109424367836276
5.325 1.1176956622611907 0.1441335730472
5.335 1.083109210599683 0.14708992457537529
5.345 1.0375130904133996 0.14993244752725823
5.355 1.0645891360170237 0.15286007595674253
5.365 1.0706446224127508 0.15581536366644555
5.375 1.0728080317162954 0.15878767247167097
5.385 1.0554382694292117 0.16172274763044525
5.3950000000000005 1.0526726241155888 0.16466101424463017
5.405 1.0738424340580945 0.16766949287783645
5.415 1.0282650719685793 0.1705609514793392
5.425 1.0225931110615607 0.17344709098849154
5.4350000000000005 1.052256430602521 0.17642791034146954
5.445 1.0289386490016459 0.17935341113400605
5.455 1.016595501043279 0.18225444410173208
5.465 1.0054500011493022 0.18513420070006079
5.4750000000000005 0.9743952726238845 0.18793523473160614
5.485 0.9874380662487248 0.19078414059430676
5.495 0.9985426422925662 0.1936755991958038
5.505 0.9813744000524465 0.1965276965139121
5.515 0.9366051550078918 0.19925958234490743
5.525 0.9383054342628201 0.2020063616344866
5.535 0.949401679638153 0.20479569366286351
5.545 0.9542784898579786 0.2076094935160533
5.555 0.9594735498275223 0.21044882501252096
5.565 0.9291636139100018 0.21320837012373786
5.575 0.9368975964200809 0.21600089360753044
5.585 0.9225208229406492 0.2187604387187504
5.595 0.8961923015528133 0.22145083562942106
5.605 0.89864697044097 0.22415825363560796
5.615 0.8950970955561911 0.22686460782332632
5.625 0.8789452894002848 0.2295316007276496
5.635 0.8677933418690299 0.23217412580716826
5.6450000000000005 0.8372203027924243 0.23473260922755604
5.655 0.830446179215564 0.23727939064477607
5.665 0.8427260852674731 0.23987298007467858
5.675 0.8370031769534363 0.2424580589568193
5.6850000000000005 0.8419555713973071 0.2450676056637694
5.695 0.8236099621750715 0.2476292805395697
5.705 0.8149310105861298 0.25017287050137865
5.715 0.8086851944776074 0.2527058222784869
5.7250000000000005 0.7720170107479489 0.2551323922085949
5.735 0.7757353069204286 0.25757917468963587
5.745 0.7797591616204269 0.2600472335400754
5.755 0.7281510019893794 0.26235997489389146
5.765 0.7546655186103476 0.26476526845459863
5.775 0.7427408568714416 0.26714077509814566
5.785 0.7206184579359028 0.26945351645196297
5.795 0.7316770265443858 0.27180987436305065
5.805 0.7275123917235292 0.27416091318178804
5.815 0.7197633934030794 0.2764949309050053
5.825 0.6689079232773814 0.27867150349465947
5.835 0.6695494784431665 0.28085765045054367
5.845 0.6633640114035388 0.28303103158478643
5.855 0.6678954201997496 0.2852267529068995
5.865 0.6801318587422363 0.2874703460601659
5.875 0.6611060352731124 0.2896586206529918
5.885 0.6595017991904051 0.29184902288275694
5.8950000000000005 0.6572662020154689 0.29403942511252085
5.905 0.615593093308873 0.2960979138520031
5.915 0.6322199986845121 0.2982191678812138
5.925 0.618712018000501 0.30030212444550564
5.9350000000000005 0.6254467955284587 0.30241486792695843
5.945 0.6092203362626847 0.3044797395772595
5.955 0.6218783295126403 0.30659461069565264
5.965 0.5951653069108609 0.30862544015491333
5.9750000000000005 0.5888246337428226 0.3106413761555959
5.985 0.5865489221632132 0.3126562483378069
5.995 0.5725561913803522 0.3146296315996874
6.005 0.5728042475055256 0.31661046159085743
6.015000000000001 0.5800994391816204 0.3186232061361276
6.025 0.5494499802750634 0.3205359517452161
6.035 0.5506763876247668 0.3224593355390053
6.045 0.5512845377204885 0.32439122988055424
6.055 0.5709475102040027 0.326398655333475
6.065 0.5539877026711965 0.32835288986289535
6.075 0.5329282592622511 0.3302390400102341
6.085 0.544060577580291 0.3321709343517842
6.095 0.5458601007089573 0.33411559451497336
6.105 0.5396088295407288 0.33604429740111247
6.115 0.5176724926758004 0.3379006606312891
6.125 0.5127308956378137 0.3397453218582983
6.135 0.5364074915280235 0.34168147147373035
6.1450000000000005 0.5187994486608274 0.3435601748917799
6.155 0.5299989896890258 0.3454856863225097
6.165 0.524486720739617 0.34739736811312943
6.175 0.49689717137745837 0.3492143700599187
6.1850000000000005 0.5045711587721763 0.35106541419774473
6.195 0.4867568235670452 0.3528568845012514
6.205 0.519763220223645 0.3547760130211622
6.215 0.5163688133100801 0.35668875863024835
6.2250000000000005 0.5107033680849418 0.358586610780758
6.235 0.5113493091347334 0.36049297347902937
6.245 0.48582019620919104 0.3623099754258148
6.255 0.49277393553917553 0.3641588919267052
6.265000000000001 0.4962893385346094 0.3660269571600559
6.275 0.5065412434163427 0.3679397027691464
6.285 0.49060833955514294 0.36979819363626437
6.295 0.5302016700711801 0.3718130658184765
6.305 0.4925236777891893 0.37369070541805693
6.315 0.5168346069218295 0.3756672801353464
6.325 0.48830467558140955 0.37754066446104423
6.335 0.4862114564375046 0.3794119211498026
6.345 0.5006615752602069 0.3813448793098236
6.355 0.516391787501285 0.3833448580334547
6.365 0.5090203689270792 0.38532249656921747
6.375 0.5153404111594547 0.3873309858406116
6.385 0.5028433972277865 0.3892969223732042
6.3950000000000005 0.495304488929247 0.3912394548994544
6.405 0.5091721492648483 0.39324262507849406
6.415 0.4976121367524735 0.3952064339741438
6.425 0.5170248210234633 0.39725322071045666
6.4350000000000005 0.501756797106723 0.39924575270479523
6.445 0.5290433039763963 0.4013531770938976
6.455 0.5223469941592144 0.40344038893206996
6.465 0.5079926929229348 0.4054765374836809
6.4750000000000005 0.5291795355147209 0.4076041744237147
6.485 0.5246472649232249 0.4097201093605794
6.495 0.5253996319307811 0.41184561866367003
6.505 0.5434471201801746 0.4140509143520148
6.515000000000001 0.5253150085018728 0.4161891894767469
6.525 0.5182345256333906 0.41830512441360734
6.535 0.5517164343281403 0.42056467484392396
6.545 0.5523624485479978 0.42283379964046997
6.555 0.5320901169695842 0.42502632950717795
6.565 0.5515759264797343 0.4273060924884252
6.575 0.5614465229008855 0.42963372730082144
6.585 0.5727896058719797 0.4320156168551875
6.595 0.578450291375079 0.4344283571451837
6.605 0.5731401879580034 0.4368262039766029
6.615 0.5653244387177726 0.43919851916473895
6.625 0.5828276301406728 0.4416516845565969
6.635 0.5848518671922398 0.4441208072255035
6.6450000000000005 0.5735463706026782 0.4465495047925517
6.655 0.5845980027742441 0.4490324571015696
6.665 0.5890880716143899 0.45154200487234164
6.675 0.5920547992648996 0.4540717651940382
6.6850000000000005 0.6041855672203883 0.4566610993500563
6.695 0.6023820295549749 0.45925043350607353
6.705 0.6146512364306473 0.46190040531488413
6.715 0.6044574283686707 0.46451420729571624
6.7250000000000005 0.6276800211786934 0.4672365187604921
6.735 0.6294858027395798 0.46997478750231486
6.745 0.6122593161375968 0.47264603568052593
6.755 0.6315984239554611 0.4754098360656272
6.765000000000001 0.6389434198157922 0.4782140615525885
6.775 0.6491424455437075 0.4810714779630538
6.785 0.6291580622002028 0.4838491079882639
6.795 0.6520539344039815 0.48673631131589057
6.805 0.6757708059626855 0.4897373432198063
6.815 0.6737890748162414 0.4927383751237237
6.825 0.6601467868076688 0.4956872799226071
6.835 0.6795872011243239 0.4987319283837931
6.845 0.6761824549522744 0.5017701939341574
6.855 0.692152270107036 0.5048893096882465
6.865 0.6894311290171022 0.5080052339869211
6.875 0.7127742261562492 0.5112360506803566
6.885 0.7174916676633648 0.5144977181094241
6.8950000000000005 0.710278563810319 0.5177359815321528
6.905 0.7252070835445455 0.5210519037031921
6.915 0.730070794228896 0.5243997404283323
6.925 0.744618843995596 0.5278241720833154
6.9350000000000005 0.7560815144995182 0.531311369028028
6.945 0.7467760658394382 0.5347655876001702
6.955 0.7616004799244268 0.5382985287390939
6.965 0.7827395169799605 0.5419399793619588
6.9750000000000005 0.7903013740485669 0.5456271741790351
6.985 0.7748530876118644 0.54925266752485
6.995 0.8005249697657922 0.5530090105424776
7.005 0.7860334257185556 0.5567079073627217
7.015000000000001 0.8295547822891381 0.5606227593323806
7.025 0.779541131701262 0.5643120817863982
7.035 0.8167756248434804 0.5681886362911367
7.045 0.8220577613260301 0.5721013606238564
7.055 0.8313184129539334 0.5760694035170127
7.065 0.824744117083889 0.5800172338592408
7.075 0.8357112502613719 0.5840288933096698
7.085 0.8704801586979227 0.5882192742630618
7.095 0.85700972192273 0.5923564642929512
7.105 0.8811884849727103 0.5966223763577128
7.115 0.8653462785677469 0.6008233954958035
7.125 0.8568004986372665 0.604994627716734
7.135 0.8870860572975372 0.6093254327081661
7.1450000000000005 0.901553647129876 0.613739215540261
7.155 0.8964350956598145 0.6181402325507156
7.165 0.8824821920986321 0.6224848671822611
7.175 0.9162248184757819 0.6270082233167696
7.1850000000000005 0.9304369697942196 0.631614557291935
7.195 0.920995316334454 0.6361868490760659
7.205 0.8960030733252733 0.6406474399208428
7.215 0.9229286340515199 0.645254837714478
7.2250000000000005 0.9422639884376639 0.6499718088105287
7.235 0.9500452167766142 0.6547409070116148
7.245 0.9592592839577294 0.6595695790470166
7.255 0.9559844332351648 0.6643950596270062
7.265000000000001 0.9644937745554787 0.6692769225859089
7.275 0.9721143577309246 0.674210912649844
7.285 0.9742549015786948 0.679169370538586
7.295 0.9728364120764237 0.6841342113381524
7.305 0.9782820645360258 0.6891405410580492
7.315 1.007949799668867 0.6943128264592695
7.325 1.0008579289303094 0.6994627716726197
7.335 0.9944195074097342 0.7045935681535078
7.345 1.0174163219587928 0.7098573419431496
7.355 1.029621202646366 0.7151987744810981
7.365 1.027645142959154 0.7205444622929286
7.375 1.0301629577149896 0.7259178093849851
7.385 1.0320531747908375 0.7313156243018437
7.3950000000000005 1.0286552918459324 0.736710247763298
7.405 1.0687671479961345 0.7423304007403921
7.415 1.0739566871405073 0.7479931064562981
7.425 1.0396763305104673 0.753489856490875
7.4350000000000005 1.0422996958393025 0.759015329624143
7.445 1.069922108874187 0.7647025031648486
7.455 1.0790295978966697 0.7704535058137558
7.465 1.1024170953010721 0.7763449325007069
7.4750000000000005 1.0619469356440623 0.782035297496825
7.485 1.090395572629874 0.7878937458112086
7.495 1.0517451069842956 0.7935596429825188
7.505 1.071593191047058 0.7993478792778733
7.515000000000001 1.0883856150069504 0.805242497420232
7.525 1.0986202744661862 0.8112083914000873
7.535 1.0966830775274894 0.8171796044722851
7.545 1.0885166000612374 0.8231220944457904
7.555 1.0778629437494391 0.8290220316805056
7.565 1.0823809962228599 0.8349623940170724
7.575 1.097504308224075 0.8410016914713563
7.585 1.1081094049254305 0.8471154562185439
7.595 1.0905779311047261 0.8531483707619992
7.605 1.0852183301035039 0.8591674556653521
7.615 1.0988217074315958 0.8652780289571255
7.625 1.1356273443010014 0.8716098764906692
7.635 1.1014456054091677 0.8777672577951253
7.6450000000000005 1.1145092630987434 0.8840139998510613
7.655 1.1131137593863547 0.8902692524547567
7.665 1.1266378429662773 0.8966170572653461
7.675 1.105060237595216 0.9028595440474003
7.6850000000000005 1.1061306496081358 0.909124371017325
7.695 1.1083158211092852 0.9154179210859478
7.705 1.0888106193052136 0.9216167913107363
7.715 1.0943766097149874 0.9278635333666734
7.7250000000000005 1.0811352757689903 0.9340507015882862
7.735 1.1083779849580606 0.9404102084020461
7.745 1.1116203800269782 0.9468048212253153
7.755 1.08532967221106 0.953064329102891
7.765000000000001 1.0847437877200907 0.9593366028021002
7.775 1.1080131899932701 0.9657599387240554
7.785 1.0978470641355356 0.9721407219072128
7.795 1.0995962282310523 0.9785481005521184
7.805000000000001 1.0976908557606062 0.9849607982893759
7.815 1.0810793590802459 0.9912926458229143
7.825 1.0824848702771264 0.9976489611812617
7.835 1.083698981488381 1.0040286805459455
7.845 1.1157255315077321 1.0106137168753397
7.855 1.0997620267321886 1.0171210944564302
7.865 1.084234712363264 1.0235529409261495
7.875 1.1095663435175493 1.030151806895666
7.885 1.0964052605259043 1.0366889713939167
7.8950000000000005 1.0655101921492436 1.0430580525738984
7.905 1.0921070163083986 1.0496026638014442
7.915 1.0817350602037412 1.0561015308347768
7.925 1.1032045831793422 1.0627461409984973
7.9350000000000005 1.0798125696733054 1.0692662844012242
7.945 1.0549531175029723 1.0756523866767305
7.955 1.1129549332158528 1.0824065701428753
7.965 1.0713439956138675 1.0889245859086636
7.9750000000000005 1.077379823031153 1.0954957925979438
7.985 1.0835560543995282 1.102121254029206
7.995 1.0607157798030895 1.108623312517943
8.005 1.0682809755689282 1.1151881362964118
8.015 1.0466219803466759 1.121635940043184
8.025 1.0503885007132643 1.128123105073337
8.035 1.0292187300937787 1.134495377708739
8.045 1.0467149909424005 1.1409921171051327
8.055 1.0789956947033414 1.1477058754694027
8.065 1.0422122213543081 1.1542068701396673
8.075 1.0680433265878464 1.1608855224944334
8.085 1.0396078868121372 1.1674024744417517
8.095 1.0304388334108339 1.173877937468741
8.105 1.0300929585899765 1.18036723013584
8.115 1.0413688300792419 1.186943755917478
8.125 1.0220033011562408 1.1934138998521158
8.135 1.0367575617868436 1.199993617089169
8.145 1.0472559989338106 1.2066563121668779
8.155 1.0486924759933913 1.2133445388878676
8.165000000000001 1.0487876184641438 1.2200497867043898
8.175 1.0133576919629022 1.2265443984638373
8.185 1.0436684681408916 1.2332496462803488
8.195 1.0449220524587512 1.2399793619216755
8.205 1.0036540741770799 1.2464590802225355
8.215 1.0314572145851986 1.253134541121891
8.225 1.0210797794650681 1.2597589387346821
8.235 1.027434654333093 1.2664407825448523
8.245000000000001 1.0158057328230163 1.2730630525207114
8.255 1.0084625600482497 1.279653407942466
8.265 0.9842630737503679 1.2861012116892416
8.275 0.9966276823387138 1.2926458229167772
8.285 1.0097378115778204 1.29929256071744
8.295 0.9982763703296036 1.3058797246837823
8.305 0.9641898121423562 1.3122573164115379
8.315 1.0159422545609378 1.3189934149636826
8.325 0.9917347920753563 1.3255848342039043
8.335 0.981532376403707 1.3321241263390904
8.345 1.0046684725896946 1.3388336294294854
8.355 0.9917766956375244 1.3454729205008626
8.365 0.97434618833986 1.3520111488175848
8.375 0.9933717091950853 1.3586929926277531
8.385 1.0014170696237878 1.3654450484569502
8.395 0.9913200290217855 1.3721449771811123
8.405 0.9877063266108748 1.3788363953575167
8.415000000000001 0.9773708246416657 1.385473558791947
8.425 0.9880235546233226 1.3921990191593963
8.435 0.9883327894335155 1.3989425644408295
8.445 0.9775941642536711 1.405628663524885
8.455 0.9841281173203358 1.4123754002617348
8.465 0.9734445871439448 1.4190646908011977
8.475 0.9906087696462543 1.4258880224678792
8.485 0.9659334441398356 1.4325571004564028
8.495000000000001 0.9570507693396632 1.4391804342507204
8.505 0.9566418180143664 1.445816533866682
8.515 0.9862195868183544 1.4526739077244046
8.525 0.9817702946281857 1.4595163881235471
8.535 0.9733798298400045 1.466316315783889
8.545 0.9698875211006875 1.4731077328964735
8.555 0.9868707909440824 1.4800342549547436
8.565 0.9971186418842464 1.4870490739460278
8.575000000000001 0.9836304531434028 1.493985170370528
8.585 0.9774269583734312 1.5008936075148072
8.595 0.993173347550693 1.5079297028754972
8.605 0.9730385221525295 1.5148392038382537
8.615 0.9869232082675912 1.5218635971957752
8.625 0.9847851371100261 1.5288890543717704
8.635 0.9636112055411016 1.5357794066020685
8.645 0.9737029205778298 1.5427580557653733
8.655 0.9647902462719872 1.5496888330975307
8.665000000000001 0.9619736805464337 1.5566153551558073
8.675 0.9731710519969815 1.563638684694852
8.685 0.9697547738255605 1.5706535036861409
8.695 0.979263705882461 1.5777534281550274
8.705 0.9721841997367555 1.5848182466144092
8.715 0.9725834190203945 1.5919022138062369
8.725 0.973269696706012 1.59900745736747
8.735 0.9799111681355984 1.6061775938553782
8.745000000000001 0.9752054354606368 1.6133296454292985
8.755 0.9669005351994954 1.6204370166274695
8.765 0.9916971735473039 1.627743321879548
8.775 0.9878534686208571 1.6350379251284521
8.785 0.9906365949428911 1.6423697620238054
8.795 1.0166370171237733 1.6499111711577643
8.805 1.0066025155988627 1.6573951340943356
8.815 0.9907577256669137 1.6647780342762444
8.825000000000001 0.9886560918947165 1.6721619982766218
8.835 0.9905406455984789 1.679576813012633
8.845 0.9843319128274763 1.6869618408314966
8.855 0.9866371017596581 1.694380910841392
8.865 0.9670504214092494 1.7016691311794745
8.875 0.9955747861868809 1.7091892639440207
8.885 1.0118836478471698 1.7168498207466172
8.895 0.9901213825100099 1.7243625067818789
8.905 1.012799200596267 1.7320645525047833
8.915000000000001 0.9995018679314858 1.7396825565685687
8.925 1.0053406049466491 1.7473622621036193
8.935 0.991697491451481 1.754954734524133
8.945 0.9976612324855239 1.7626099722343653
8.955 1.0062241770897984 1.770348187785259
8.965 0.9984597184629549 1.7780438505973535
8.975 1.0288746190687457 1.785991638386837
8.985 1.0264482793063574 1.7939383623578657
8.995000000000001 1.0066179651460563 1.8017489175647137
9.005 1.0348898567939948 1.8097967042903773
9.015 1.0174441022762741 1.8177264071658663
9.025 1.0134201049265439 1.8256422804012509
9.035 1.0138958811607173 1.8335794300060309
9.045 1.0220958464168712 1.8415984936330057
9.055 1.0168631163946245 1.8495941532536562
9.065 1.031360215543089 1.8577217263645658
9.075000000000001 1.0247781796102737 1.8658152572844506
9.085 1.0494036597463303 1.8741215518983365
9.095 1.0424035796250073 1.8823906128657686
9.105 1.040248909764785 1.8906607376516702
9.115 1.031692324742475 1.898880862969478
9.125 1.013578503271921 1.9069743938893604
9.135 1.0524371627552045 1.9153966447164965
9.145 1.0565036314483436 1.9238699588301749
9.155 1.0385791246798628 1.9322177423643832
9.165000000000001 1.0376346083351455 1.9405761640833128
9.175 1.0451254849570621 1.9490133083690229
9.185 1.043639944550185 1.9574568355655422
9.195 1.0257578117668686 1.9657737683641268
9.205 1.0376696546708963 1.9742055935574712
9.215 1.0418198956968538 1.9826895458558542
9.225 1.0326537412477073 1.9911171157753338
9.235 1.0365318747181858 1.999594685162885
9.245000000000001 1.0577825842116346 2.0082648056935115
9.255 1.0482454561860877 2.0168753523898295
9.265 1.057226840015162 2.025578451293047
9.275 1.0656512698448224 2.034369847129268
9.285 1.0607836124506576 2.0431399665960854
9.295 1.0433515481732498 2.0517845554834486
9.305 1.0686561794486054 2.0606578653418564
9.315 1.0572858654862205 2.0694556440888983
9.325000000000001 1.0624186133670008 2.078315124307195
9.335 1.074401083043413 2.0872937521941486
9.345 1.0578759418737516 2.096153232412445
9.355 1.058023868791138 2.105032925181677
9.365 1.0625957069114713 2.113970064148287
9.375 1.0578057504480713 2.122885926745495
9.385 1.0438397339216894 2.1317028542249927
9.395 1.065874642331861 2.1407250986691904
9.405 1.0662428622007751 2.1497696833012805
9.415000000000001 1.0699860168237727 2.1588653312199098
9.425 1.0683410899311778 2.1679662982308936
9.435 1.078165269668691 2.177170455633477
9.445 1.0717798616511387 2.1863395070265566
9.455 1.0779519229541474 2.195580898075576
9.465 1.06799815803956 2.2047563323794566
9.475 1.059443201693888 2.2138775119413725
9.485 1.0812547698482329 2.2232061361049484
9.495000000000001 1.087468524992969 2.2326081637429622
9.505 1.0693421484559598 2.2418729587983264
9.515 1.073344555948884 2.2511920085956736
9.525 1.0561749627064196 2.2603812725396835
9.535 1.06811443565132 2.269693939426201
9.545 1.0825585190433706 2.2791523494431107
9.555 1.0819948117537976 2.2886256529186046
9.565 1.076823584092855 2.298073424750822
9.575000000000001 1.0819563439539488 2.30758608950971
9.585 1.0784924707048529 2.317088116083892
9.595 1.0609429708305498 2.3264550377123867
9.605 1.085188317805349 2.3360559994042656
9.615 1.0766926004413109 2.345601642535717
9.625 1.0742169929757492 2.3551451580302185
9.635 1.0489258211530454 2.364483356560024
9.645 1.0564109052448418 2.3739077243858913
9.655 1.0577937290982535 2.383364006765873
9.665000000000001 1.0646312635551824 2.392901139349578
9.675 1.0720308277642254 2.4025244412293554
9.685 1.07253825178627 2.4121722109339276
9.695 1.0593509380799668 2.42172104552079
9.705 1.0992154522873359 2.4316496633014535
9.715 1.0772078212145215 2.441399559579148
9.725 1.0928222133438097 2.4513111562642935
9.735 1.0752443473411397 2.461083392729862
9.745000000000001 1.1058630034607815 2.47115456218552
9.755 1.0859943637488891 2.4810650950521977
9.765 1.089006291899437 2.4910234997500127
9.775 1.0738925750440218 2.500863820597661
9.785 1.0635885672057508 2.510629674152415
9.795 1.065117911000248 2.520429569898193
9.805 1.0659464834178651 2.5302571249242085
9.815 1.091987789212255 2.5403453154753657
9.825000000000001 1.0667824731885167 2.550220742332517
9.835 1.0939733938146836 2.5603685067180013
9.845 1.093011094462992 2.5705279731066537
9.855 1.0564140337312882 2.5803672301358427
9.865 1.0829983093374942 2.5904745694194533
9.875 1.081033519974375 2.600584036340028
9.885 1.0926977046008701 2.6108232891139354
9.895 1.0840322670956684 2.621001904235042
9.905 1.0765302689362093 2.631130519888068
9.915000000000001 1.0789863296918218 2.6413027520983636
9.925 1.1012503398431661 2.651705832916634
9.935 1.0645316710867818 2.6617823214646297
9.945 1.0937970759035112 2.672156679184225
9.955 1.0802951524275157 2.6824235912383614
9.965 1.068185734616565 2.692595823448661
9.975 1.0550078034148798 2.702662737630439
9.985 1.077485124181159 2.71296475569409
9.995000000000001 1.098871046100399 2.7234923032733676
10.005 1.0982269813896637 2.7340347443112454
10.015 1.0761271136863104 2.7443856980245025
10.025 1.0762992428674272 2.7547589919256557
10.035 1.0607158880885514 2.7650024999734475
10.045 1.0768549264337217 2.7754226018872394
10.055 1.0759209899569824 2.7858544058042334
10.065 1.0713750460519185 2.79626280571486
10.075000000000001 1.0767900019036083 2.8067446090999377
10.085 1.0697475325302814 2.8171785406538583
10.095 1.0749223654277242 2.8276837480452595
10.105 1.060845780700292 2.838071935404967
10.115 1.069916803014214 2.8485696960670843
10.125 1.0588231006035702 2.8589791597961898
10.135 1.0663462807043635 2.869483303369131
10.145 1.065215149587093 2.8799970213082924
10.155 1.065915100467292 2.8905383985276845
10.165000000000001 1.0663955188049472 2.9011053073903503
10.175 1.0606574100793673 2.9116360464250572
10.185 1.0684139118185898 2.9222646567589785
10.195 1.05916821036841 2.932821991255405
10.205 1.069982230155207 2.9435080477867306
10.215 1.061509705959634 2.954130275209844
10.225 1.0592222136373652 2.964750374996
10.235 1.0552473043537591 2.9753513260497035
10.245000000000001 1.046529895308967 2.985885256539795
10.255 1.0556710448068967 2.9965319517876954
10.265 1.057089361775962 3.007213753045122
10.275 1.0563987105718617 3.0179093839426607
10.285 1.0751093730676198 3.028815650897276
10.295 1.061508673451948 3.0396048978201735
10.305 1.0568379515523563 3.050367549281295
10.315 1.0654242498893907 3.061238710226405
10.325000000000001 1.0419256713833873 3.071890724566664
10.335 1.056008025204972 3.0827076307697805
10.345 1.0674426239722448 3.093662833374018
10.355 1.0531742078161168 3.104492505398798
10.365 1.0439151152983848 3.115247710130657
10.375 1.0567438904439812 3.1261561047222233
10.385 1.0582069199753286 3.1371006691417573
10.395 1.0508335578418995 3.147989915000868
10.405 1.0444087426669086 3.1588334166657512
10.415000000000001 1.0562101197996445 3.169820533824094
10.425 1.048570908370897 3.1807491409665647
10.435 1.0586852806702676 3.1918043425069773
10.445 1.0442541231501206 3.2027297581940286
10.455 1.0324133554501296 3.213551983489522
10.465 1.032872222328601 3.2243997404282823
10.475 1.0373713947755485 3.235315581749128
10.485 1.0524466324546993 3.2464112083914163
10.495000000000001 1.043794880746946 3.257436623014664
10.505 1.0491466883541132 3.2685396963862123
10.515 1.0514663360642946 3.2796885139519674
10.525 1.0579811662312502 3.290927756087684
10.535 1.0446792425186051 3.3020467867362924
10.545 1.0399055090042117 3.3131360304677377
10.555 1.042217577120951 3.324271018393395
10.565 1.0421338319290987 3.335426218870026
10.575000000000001 1.0419493439500702 3.3466005680790785
10.585 1.0473081486293299 3.357853639854926
10.595 1.0599576538877233 3.369264156764307
10.605 1.032906314887995 3.3804044637823263
10.615 1.03125645374134 3.3915479622557427
10.625 1.046021071405039 3.402872309869047
10.635 1.0229678029518305 3.4139679365113214
10.645 1.0448352661893818 3.4253220710418253
10.655 1.0442429366371246 3.436691099030903
10.665000000000001 1.026388470541316 3.4478867246093263
10.675 1.0418912798426188 3.459272773693915
10.685 1.0380958899386894 3.4706386102275633
10.695 1.0318883170287654 3.4819576387485136
10.705 1.045643097718651 3.4934490058616214
10.715 1.0315181162481206 3.5048063318475524
10.725 1.0604562960881008 3.516504079743847
10.735 1.0310472477435837 3.5278986393762226
10.745000000000001 1.04969046334544 3.5395208561611406
10.755 1.0345047638692983 3.550996265997206
10.765 1.0309563564981299 3.5624535909192865
10.775 1.0242662751760945 3.573857724917827
10.785 1.0323815914191896 3.5853735598557623
10.795 1.0401795124922006 3.596997904277605
10.805 1.0370198105185786 3.6086084190593537
10.815 1.0324473845023732 3.6201891469239467
10.825000000000001 1.0358420719651256 3.6318294486228817
10.835 1.048388193233493 3.6436325145477433
10.845 1.035797772740273 3.6553153689854523
10.855 1.029465455232905 3.666948223955085
10.865 1.0386598761552082 3.6787066095042085
10.875 1.0486629361743323 3.6906000999990107
10.885 1.048047779559894 3.7025084839523714
10.895 1.0480872919276711 3.7144392080935997
10.905 1.0390764707649864 3.7262890820311108
10.915000000000001 1.0483468282644588 3.738266614185043
10.925 1.0517262027932006 3.7503047839917683
10.935 1.0495251715058287 3.762339762343041
10.945 1.046682209491322 3.774364102509637
10.955 1.0487468326249996 3.7864341868704394
10.965 1.049233687213203 3.7985319305114595
10.975 1.0452042935102275 3.8106052063276628
10.985 1.0459681343397669 3.8227093328794877
10.995000000000001 1.0477368487794088 3.8348560121701203
11.005 1.0429941532973068 3.846969713088177
11.015 1.049604133093535 3.8591823491239317
11.025 1.0439591638393106 3.8713513686024537
11.035 1.038241825654228 3.8834757077052133
11.045 1.0627332064714874 3.8959085541642926
11.055 1.0368485634080613 3.9080605525472993
11.065 1.0483847727684594 3.920369996063798
11.075000000000001 1.0454070904411117 3.9326666737587295
11.085 1.0492995590891283 3.9450314358357534
11.095 1.0535367631320778 3.957468537568691
11.105 1.0502909132194136 3.9698896820245877
11.115 1.053699581338041 3.98237359177017
11.125 1.0620239429096194 3.99497877682142
11.135 1.0415971908376307 4.007363751449362
11.145 1.0517854949367462 4.019892341570737
11.155 1.0414314782616538 4.0323198689375
11.165000000000001 1.0529151001406067 4.044906969074731
11.175 1.047567178165423 4.057452580291651
11.185 1.060591547190355 4.0701769130115295
11.195 1.0548915980772744 4.082855501537165
11.205 1.0637004447094542 4.095662812097695
11.215 1.0594230454560856 4.108441399559563
11.225 1.0467073550646733 4.121089137349586
11.235 1.0536332197566003 4.133843256986615
11.245000000000001 1.0480755567021898 4.146552696247915
11.255 1.052781811779114 4.159341921894445
11.265 1.0551094830561092 4.1721822108275415
11.275 1.0343031128818558 4.184791651152645
11.285 1.0506760817391942 4.19762342953799
11.295 1.0580334033233656 4.210567972681171
11.305 1.070570961661926 4.223689109690351
11.315 1.0580221583858216 4.236679397027741
11.325000000000001 1.065495653824055 4.2497845767598585
11.335 1.0532557315813438 4.262762098275589
11.345 1.0508826505821744 4.275733236880509
11.355 1.0688207017500504 4.288949053733506
11.365 1.0597263496307117 4.302075509835013
11.375 1.0603501810476947 4.315232816672176
11.385 1.0700419651491146 4.328533739002795
11.395 1.0548372021805337 4.341668705652077
11.405 1.058616905800548 4.354873884320412
11.415000000000001 1.058635874631179 4.368102466995068
11.425 1.0447156807523996 4.381179987446965
11.435 1.0448404837774512 4.394281975723671
11.445 1.0710471103460097 4.407736087913987
11.455 1.051678129839887 4.4209699896809855
11.465 1.0673136158708743 4.434424101871252
11.475 1.0627583255482482 4.447844171870544
11.485 1.0595628586337824 4.46124722077426
11.495000000000001 1.045043282499457 4.47448963308906
11.505 1.0687884779624812 4.48805651003716
11.515 1.0626662150413606 4.501569132243267
11.525 1.054559193166848 4.515001968064178
11.535 1.0505638765258394 4.528407144604851
11.545 1.0517408944433635 4.541850618610423
11.555 1.0745138748353764 4.555608982883142
11.565 1.0611278720016781 4.569219476388544
11.575000000000001 1.0646769378758278 4.582899118094475
11.585 1.0476314842541048 4.596383017201924
11.595 1.0580368316544204 4.610024361442953
11.605 1.073758741014356 4.623892299018063
11.615 1.0462558089321352 4.63742832523058
11.625 1.063089993722492 4.651205838235793
11.635 1.0457758662343484 4.664782289550142
11.645 1.0489705772399442 4.678423633791179
11.655 1.0420265125087609 4.691997957468571
11.665000000000001 1.0483115249718946 4.705677599174483
11.675 1.0509925897848231 4.719415750896248
11.685 1.0412325009962224 4.733049648407945
11.695 1.0569714811413793 4.746913330709199
11.705 1.054518497034497 4.760768502462681
11.715 1.0446360618671091 4.774517292369186
11.725 1.0411604084249306 4.7882437420878015
11.735 1.0516309011285445 4.802131892213862
11.745000000000001 1.052896728658185 4.8160604674417655
11.755 1.0608199688422537 4.830117764704604
11.765 1.0498008737440114 4.844052722843374
11.775 1.0511388230902163 4.858029169902457
11.785 1.040729566683593 4.871890724566749
11.795 1.0454242691191524 4.885838448527129
11.805 1.0512159966852848 4.89988723524215
11.815 1.0468148886156254 4.913900915947713
11.825000000000001 1.0553583321953264 4.928052893054313
11.835 1.0508828888784643 4.9421687003329176
11.845 1.0644477953356393 4.956490888394758
11.855 1.0573643736887883 4.97074180061908
11.865 1.0390351446483248 4.984769310964777
11.875 1.0442085092960887 4.998890437335766
11.885 1.062635139601354 5.013284965053532
11.895 1.051362630505711 5.027550770736495
11.905 1.0470142173403085 5.041781470409931
11.915000000000001 1.0471328042787533 5.05603770172665
11.925 1.041164942849236 5.070236486845955
11.935 1.0549962978708332 5.084648035659292
11.945 1.0411799205769778 5.098894692609759
11.955 1.0552725628642716 5.113358368528083
11.965 1.0500999522515286 5.127775236433743
11.975 1.0404564141283803 5.142083594855464
11.985 1.0577190403997054 5.156653652620777
11.995000000000001 1.0584233630672046 5.171257752577141
12.005 1.0461157373503969 5.185716109403148
12.015 1.0540573481758837 5.200308507356364
12.025 1.0575983290088018 5.214974308784011
12.035 1.0540799986356906 5.229615642386813
12.045 1.0511835761237032 5.2442410187125885
12.055 1.0453946162964507 5.258810012659465
12.065 1.041071340248522 5.273342836778374
12.075000000000001 1.0474123387238459 5.287988425655053
12.085 1.05281946598013 5.302734013467957
12.095 1.0406147325076867 5.317332794331999
12.105 1.0457852601009747 5.332028382676814
12.115 1.041716568026424 5.3466909926490604
12.125 1.0505627089200646 5.3615025372071
12.135 1.0544064492630472 5.376392804331898
12.145 1.0378550443859011 5.391073499218089
12.155000000000001 1.0408032042319164 5.405820150849434
12.165000000000001 1.0309221455266442 5.420450846267576
12.175 1.0641032434589548 5.435577281092776
12.185 1.0486847319431656 5.450509037137868
12.195 1.0214553014996988 5.46507696726625
12.205 1.0413782441460049 5.479953404750941
12.215 1.026291331471337 5.494638354911045
12.225 1.0286954333332103 5.509381815087008
12.235 1.0551001723373317 5.524528462463127
12.245000000000001 1.0599620947397808 5.5397697896830165
12.255 1.0303866643734585 5.554610057339724
12.265 1.0357864178417286 5.569552451569586
12.275 1.0357927836060412 5.584519313624232
12.285 1.0294765378229527 5.599419155115304
12.295 1.0571558010160393 5.614744523994348
12.305 1.0352174375613334 5.629776278975726
12.315 1.047288124066495 5.645008031829441
12.325000000000001 1.0438367310648342 5.660214253039915
12.335 1.034708336079909 5.67531196476638
12.345 1.039147037750797 5.6904990372443045
12.355 1.0393550425986355 5.705713769002474
12.365 1.027009085340642 5.72077211944561
12.375 1.026074316372132 5.735841108073383
12.385 1.0237671391178291 5.750900522334895
12.395 1.0400946291709685 5.766224827395479
12.405000000000001 1.0459154946987639 5.78165976957693
12.415000000000001 1.0285415128280058 5.796862799331947
12.425 1.0311260521007513 5.8121285943766345
12.435 1.0485511204362565 5.827677365134356
12.445 1.0359797460325746 5.843064435484677
12.455 1.0305983511503374 5.858396187274536
12.465 1.0376556229412617 5.873857724917795
12.475 1.0343532590968267 5.889294794736176
12.485 1.0358994613559804 5.904779736385737
12.495000000000001 1.0304762333988908 5.920208295656429
12.505 1.0291834848944823 5.935642174019395
12.515 1.0153573997950243 5.950893075605583
12.525 1.0318391593284861 5.966416314720043
12.535 1.0230628950706075 5.981832108169041
12.545 1.0357414529373494 5.997463856767501
12.555 1.0233247883246548 6.012932841139986
12.565 1.0285823764642503 6.0285060797226055
12.575000000000001 1.0150915152653837 6.043899532983726
12.585 1.0235647412267772 6.059446176104608
12.595 1.0211708184135446 6.074981117222251
12.605 1.0138261280349654 6.09042882522531
12.615 1.0267185453603316 6.10609780747013
12.625 1.024327138899561 6.121755087711814
12.635 1.020343818066492 6.137376198125474
12.645 1.005202128081086 6.152789863937574
12.655000000000001 1.0252948010573069 6.168536504930708
12.665000000000001 1.0205642319175205 6.184235274092732
12.675 1.025583203186501 6.200036169827864
12.685 1.0400988151906905 6.216085999084997
12.695 1.0221477987603187 6.2318837033647565
12.705 1.039988046996153 6.2479824682715375
12.715 1.0253845853860886 6.263880171487484
12.725 1.029322706416425 6.2798640439995
12.735 1.0329735992098374 6.295929830533664
12.745000000000001 1.0266410666926837 6.311922213593393
12.755 1.0364870678135203 6.328093318156129
12.765 1.0129424230503832 6.343921873171442
12.775 1.0316129167355468 6.360067446090893
12.785 1.0328501266295411 6.376257699386047
12.795 1.023376162579038 6.392324549738729
12.805 1.0154189097639545 6.408291401155261
12.815 1.0041753638504518 6.424106126530527
12.825000000000001 1.0049030763855549 6.439957021733731
12.835 1.031552474306202 6.456253656875894
12.845 1.0287367460609385 6.4725311432856305
12.855 1.0142481267517567 6.4886043765490955
12.865 1.0335836034014036 6.505009521175255
12.875 1.0207360420626956 6.521235944298458
12.885 1.0246980487655686 6.537550664354625
12.895 1.0199071496880399 6.553814321124235
12.905000000000001 1.035112735361292 6.570346060148353
12.915000000000001 1.0280568642364805 6.586790566057858
12.925 1.0227480750806877 6.603175498133033
12.935 1.0290571347678625 6.619687024606167
12.945 1.0262100850062088 6.636178338528402
12.955 1.025155199000335 6.65267816299827
12.965 1.0376972082303608 6.6694056446207926
12.975 1.0229856254429868 6.685921426367747
12.985 1.0228579996813276 6.702460612121066
12.995000000000001 1.0158320919309172 6.718911500941402
13.005 1.017090807938554 6.735408133955911
13.015 1.0263340410504773 6.75208029701801
13.025 1.0333245123049168 6.768891820299674
13.035 1.023774574059826 6.785573557728054
13.045 1.0251390097896274 6.802303166987509
13.055 1.0223975402694463 6.819013627514503
13.065 1.0314261054822755 6.835897490452161
13.075000000000001 1.0249174583267078 6.85270050318613
13.085 1.0230275558403348 6.8694981968276965
13.095 1.024376762170458 6.886343762300452
13.105 1.0226848374558497 6.9031872001361725
13.115 1.0183526457044325 6.9199848937776345
13.125 1.0086876562698217 6.936648546291989
13.135 1.0281775690761958 6.953660067446068
13.145 1.0354091292566088 6.970817331730518
13.155000000000001 1.0192844265186969 6.987733109222238
13.165000000000001 1.0359138341203804 7.004951011159445
13.175 1.0265451788144149 7.022039127243259
13.185 1.021798101660041 7.039074052403605
13.195 1.0240090403228963 7.056171742853793
13.205 1.0368362163394875 7.073509856278101
13.215 1.0262476266618765 7.09069690747972
13.225 1.0325609470381314 7.10801587217156
13.235 1.0408172308440535 7.125499728726267
13.245000000000001 1.0477195047302639 7.14312613695599
13.255 1.0266926240989964 7.16042488909691
13.265 1.0343495404044658 7.177878958734567
13.275 1.03140692407112 7.195309624365804
13.285 1.0176611884386968 7.212533909213775
13.295 1.0367158211681948 7.230107126519999
13.305 1.0339673924619055 7.247660131275284
13.315 1.0294740709922188 7.265163136562461
13.325000000000001 1.03705107514525 7.28282145934629
13.335 1.0206491099036044 7.300226593334207
13.345 1.0360005278342452 7.317920022127467
13.355 1.0369996793219487 7.33565706747814
13.365 1.0239593340971747 7.353197306411716
13.375 1.0406598327923562 7.371050307975502
13.385 1.039786545872518 7.388915011542441
13.395 1.0291462861574916 7.406623333794309
13.405000000000001 1.02224060140179 7.424239103839327
13.415000000000001 1.0575169581373773 7.442489973510927
13.425 1.0326764144151885 7.460338719800839
13.435 1.040419828173192 7.478348102679687
13.445 1.0369090091812638 7.496323443367556
13.455 1.0301598846742412 7.514208359485525
13.465 1.0323625649709305 7.532158168530123
13.475 1.0288758775876998 7.550073935383618
13.485 1.0417471808771008 7.5682407633960445
13.495000000000001 1.0424576168627775 7.586446952691928
13.505 1.0419483592563543 7.604671226901754
13.515 1.0260134332558837 7.622643376134239
13.525 1.022010435665803 7.64057190880944
13.535 1.0448431518300128 7.658928096509534
13.545 1.041970747044369 7.677260880203319
13.555 1.0281175174333719 7.695376644929251
13.565 1.0383579153989917 7.7136998542568485
13.575000000000001 1.0334576523447323 7.731963489750093
13.585 1.0363246386929947 7.75030478399161
13.595 1.0377416002440958 7.768698205338212
13.605 1.0382543041896228 7.787127796512821
13.615 1.039063600505654 7.805598876607711
13.625 1.0338938291234312 7.824005063775952
13.635 1.0426407731141525 7.842594227721017
13.645 1.0303289884919187 7.860990840523082
13.655000000000001 1.0364356176255054 7.879523622089208
13.665000000000001 1.0449589377669577 7.898236188976754
13.675 1.0423041484815465 7.916928543313449
13.685 1.0333773118876883 7.935487920341337
13.695 1.0345894682203174 7.954096233018799
13.705 1.0333164611578416 7.972708800970312
13.715 1.0314563248416797 7.99131498601083
13.725 1.028069418589622 8.00988712886039
13.735 1.0348052980915827 8.028608206295699
13.745000000000001 1.0335349946425738 8.04733353900493
13.755 1.031036027247104 8.066040786800155
13.765 1.0209321955306623 8.084591653280308
13.775 1.028804265420434 8.103312730715722
13.785 1.0308147623553214 8.122097637259294
13.795 1.0464586877035318 8.141195306433017
13.805 1.0221257926538752 8.159875958766456
13.815 1.0340730962838105 8.17880235316649
13.825000000000001 1.039542410167873 8.197856405782966
13.835 1.0367072060129259 8.216885990574585
13.845 1.035788873820229 8.235926213550956
13.855 1.0381660424795196 8.255037712364823
13.865 1.0238008485797347 8.273911979659824
13.875 1.0325246866408258 8.292974542824073
13.885 1.0271828698895324 8.31196583015075
13.895 1.0237514044242235 8.330920947649522
13.905000000000001 1.0392045963343208 8.350189891596939
13.915000000000001 1.0251647623322433 8.369225859299375
13.925 1.0235212559258986 8.388258635546368
13.935 1.036391577194919 8.407558430229415
13.945 1.0345063981945193 8.426850778183185
13.955 1.0246507342193276 8.445986744821852
13.965 1.0261985219655645 8.465179093839367
13.975 1.0338752415687233 8.484542717630596
13.985 1.0369347325977778 8.503991446899512
13.995000000000001 1.026957718181415 8.523280603397826
14.005 1.0286023186262412 8.542628269911962
14.015 1.0341945242259893 8.562108913734948
14.025 1.0266859100779147 8.581475728981557
14.035 1.034684396174857 8.601021265731188
14.045 1.0297249462274078 8.620500845735654
14.055 1.0316295079781388 8.640044254848393
14.065 1.0215835317951734 8.659424899735171
14.075000000000001 1.0333474399762128 8.67905660578083
14.085 1.0341173136311261 8.698730864565299
14.095 1.0451021438994477 8.71864235486856
14.105 1.0220424696383101 8.738142147423916
14.115 1.0256616004395145 8.757738747460099
14.125 1.0345514730855576 8.777533217731667
14.135 1.0322553534328422 8.797311730726175
14.145 1.0263608951662433 8.817005138243175
14.155000000000001 1.020758881004161 8.836618759374828
14.165000000000001 1.0295461608943712 8.856429186923474
14.175 1.0262169594041988 8.87620344464419
14.185 1.030063118007601 8.89607982893791
14.195 1.0394027348707673 8.916164721651793
14.205 1.0219419106724752 8.935940043190955
14.215 1.0264335973904204 8.95583025712484
14.225 1.0011437658684224 8.975257710024295
14.235 1.0259053689523854 8.995193668152343
14.245000000000001 1.0224974786287033 9.015091328815506
14.255 1.0232470268045286 9.03503154221748
14.265 1.0149986370765245 9.054838778310733
14.275 1.0233214336406384 9.074836437910127
14.285 1.0238462308593042 9.09487239497451
14.295 1.024585700810001 9.114950904777581
14.305 1.0262978775390044 9.135091116051946
14.315 1.027029860030019 9.155273880065073
14.325000000000001 1.020893378913341 9.175364091871367
14.335 1.0178500480788355 9.195422389123474
14.345 1.0295849435256492 9.21574025808234
14.355 1.0254593458019008 9.236004936117753
14.365 1.024139639138803 9.256271741790044
14.375 1.0207826560995 9.276500249997332
14.385 1.0220443379062956 9.296781949128253
14.395 1.0378627652826575 9.317406197806475
14.405000000000001 1.018673685035861 9.33767725875258
14.415000000000001 1.0188623881985777 9.357980234252839
14.425 1.0239009369299974 9.378411931788039
14.435 1.026635330489024 9.398926607163839
14.445 1.009265185177087 9.419122136998672
14.455 1.0166291701001393 9.439493196881012
14.465 1.0304929342810982 9.460170636482733
14.475 1.0363229090997392 9.48099381921477
14.485 1.0243183573242065 9.501604238252828
14.495000000000001 1.025967779818158 9.522276358762122
14.505 1.033885965349429 9.54313677514071
14.515 1.034146758603525 9.564031233710233
14.525 1.0171070419443828 9.584609738194336
14.535 1.01350267400999 9.605143562302489
14.545 1.0374883134304687 9.626192274550196
14.555 1.0200923405480036 9.646916522164618
14.565 1.032444759676084 9.667920554036586
14.575000000000001 1.023561074887884 9.688772459867348
14.585 1.0343606676430943 9.709873299220172
14.595 1.0249759818999298 9.730811374346999
14.605 1.0210331034839926 9.751676045999474
14.615 1.0280385491210418 9.772669439686771
14.625 1.0279136701781775 9.7936458122785
14.635 1.0215827013826169 9.814478569376863
14.645 1.0153492787138618 9.835169838618619
14.655000000000001 1.0299003850872734 9.856143019755079
14.665000000000001 1.027379517309316 9.877050244146353
14.675 1.018370286271479 9.897759598302198
14.685 1.0089315120986437 9.918262571674843
14.695 1.0144114669686193 9.93886235252827
14.705 1.0092066841831793 9.959341921894595
14.715 1.0314334592063503 9.980257656833537
14.725 1.0138476413433826 10.00080211912657
14.735 1.014626162957539 10.021347645237954
14.745000000000001 1.0074691021547924 10.041733598578784
14.755 1.0321862543878542 10.062604653142024
14.765 1.0168220671301504 10.083150179253451
14.775 1.024145993777315 10.103828682673614
14.785 1.015453756984547 10.124316762587744
14.795 1.0176202989283942 10.1448335656005
14.805 1.0245442561168379 10.165474835374154
14.815 1.0244523206247933 10.186099084052385
14.825000000000001 1.0118822340419606 10.206455250476155
14.835 1.015383283524048 10.226866735460339
14.845 1.02508775054006 10.247458005765937
14.855 1.0246857840233654 10.268025872065252
14.865 1.020307267314196 10.288490547973
14.875 1.0109878331948947 10.308753098371364
14.885 1.0273125782782764 10.329327347581382
14.895 1.010865027456981 10.349556919607204
14.905000000000001 1.020674796766551 10.36996734077287
14.915000000000001 1.0139439747991181 10.3902277635343
14.925 1.0146640443331985 10.410487122477221
14.935 1.0103216935017483 10.430644354847026
14.945 1.0050674787295018 10.450681375729872
14.955 1.0152405229065062 10.470905628663395
14.965 1.0215298102763215 10.49123945489927
14.975 1.012320013492725 10.511374347081277
14.985 1.013428591385807 10.53151562217411
14.995000000000001 1.015719370061675 10.551686684184238
15.005 1.0123865596103956 10.571775832172033
15.015 1.0254682723212103 10.592108594589433
15.025 1.0328271760553214 10.61257114286019
15.035 1.034073610281814 10.633042201678654
15.045 1.0146723999987048 10.65311326475247
15.055 1.0147800939141127 10.673170498186126
15.065 1.0269559220246398 10.69345219731709
15.075000000000001 1.025190749591724 10.713682833161421
15.085 1.0268776977345548 10.733930490101281
15.095 1.021441892575612 10.754054744098534
15.105 1.0170260500883532 10.774075807704147
15.115 1.0252064860274746 10.794241550621864
15.125 1.0241464203314643 10.814370059893047
15.135 1.024874292059303 10.834496441527289
15.145 1.0164970589504274 10.854441974021627
15.155000000000001 1.0090847541947008 10.8742258061086
15.165000000000001 1.020560481187836 10.894218146615655
15.175 1.0200457589246943 10.91418389166087
15.185 1.0199129517968608 10.934130487973617
15.195 1.02402829531392 10.954140913394586
15.205 1.026191015955282 10.97417687045892
15.215 1.0311950233948974 10.994293677726898
15.225 1.0269312760239109 11.014310486058754
15.235 1.0277423624823254 11.03432623057211
15.245000000000001 1.0370853275949716 11.05450686694834
15.255 1.0244502850296648 11.07442474016243
15.265 1.0224197487901414 11.09428623099765
15.275 1.0158385845341336 11.11400304252096
15.285 1.0123749844330363 11.133635812385164
15.295 1.0337787469686415 11.153666450357072
15.305 1.0267568657046497 11.173543898469257
15.315 1.0112551416343536 11.193104328677432
15.325000000000001 1.009435037653678 11.212612631780612
15.335 1.0299819304968305 11.232500718077487
15.345 1.026414474143267 11.252302635078312
15.355 1.0297968044881554 11.27215242391041
15.365 1.0094344233897616 11.291592642631535
15.375 1.0013120366212194 11.310859458941987
15.385 1.0278732133903117 11.330619887022461
15.395 1.0204768310201173 11.350220742332482
15.405000000000001 1.017504121885448 11.36974713034961
15.415000000000001 1.0191333358586292 11.389287348006915
15.425 1.027209429356696 11.408964798246831
15.435 1.0161256908326823 11.428412463697256
15.445 1.0231050212559984 11.447976085360898
15.455 1.0235282878485272 11.467530132658307
15.465 1.02557067857932 11.487105456325073
15.475 1.017800650019294 11.50651482431047
15.485000000000001 1.0194548073049199 11.525938021935984
15.495000000000001 1.0108308076108512 11.545179306603186
15.505 1.022666502583337 11.564628035871989
15.515 1.0334062320708404 11.584262933373054
15.525 1.0202941250239246 11.60363081243821
15.535 1.0331311316612255 11.623224221018944
15.545 1.0288134829032491 11.642717630663435
15.555 1.0259510267818737 11.662138700652012
15.565 1.0283166070186593 11.681586366102463
15.575000000000001 1.0257903183158614 11.700968074807763
15.585 1.019598205852917 11.720214678567228
15.595 1.0206733159637171 11.739463409963681
15.605 1.0224865552343039 11.75872809863729
15.615 1.0303525855667786 11.778122573164078
15.625 1.0284490169914746 11.79746279294897
15.635 1.028299270925406 11.816781736364417
15.645 1.0141517045704929 11.835816640248506
15.655000000000001 1.0333381465239997 11.855193029861338
15.665000000000001 1.025589423069314 11.874405591429827
15.675 1.0377228173933335 11.893826661418405
15.685 1.0209776820066954 11.912915820044454
15.695 1.0286350792688004 11.932129445431514
15.705 1.0323188995249106 11.951393070286544
15.715 1.0321316439373758 11.970634354953763
15.725 1.0053849290047507 11.989358623844582
15.735000000000001 1.0269595276943193 12.00846586738459
15.745000000000001 1.0263721753634647 12.027543324007228
15.755 1.0264732652923048 12.046603759534507
15.765 1.0142469772481244 12.065418452995175
15.775 1.0301841077374967 12.084509739258063
15.785 1.0327091041095602 12.103628684801265
15.795 1.0199985604026136 12.122493377729974
15.805 1.019298305907922 12.14132615610465
15.815 1.0379067736203416 12.160483399112767
15.825000000000001 1.015938305477219 12.179216178551371
15.835 1.0178947998378898 12.1979659790855
15.845 1.0197417772789894 12.216730673078184
15.855 1.0250090378254828 12.235573025819091
15.865 1.0271610003886336 12.254435591110918
15.875 1.0279277780910634 12.2732928373103
15.885 1.0329939643040684 12.292223486984147
15.895 1.018722241606787 12.310873288582053
15.905000000000001 1.0348460099744912 12.32979861916354
15.915000000000001 1.0153683269929865 12.348348421825335
15.925 1.0264551663680022 12.36708120126395
15.935 1.0384426655740884 12.386012914756373
15.945 1.0104439904953837 12.404414846650665
15.955 1.0250755867556651 12.423063584429986
15.965 1.0200717147061105 12.441601685088472
15.975 1.0172861716305348 12.460069573728013
15.985000000000001 1.0021778845514178 12.47824384846979
15.995000000000001 1.0166953193256256 12.496661737641254
16.005 1.0261314691230798 12.515230689035356
16.015 1.018582282473439 12.533643259114433
16.025 1.0054811207958012 12.551799448942127
16.035 1.0188346729875402 12.57017691301174
16.045 1.0268465467665306 12.58867884384223
16.055 1.0153731973740139 12.606954181338633
16.065 1.010089863599114 12.625114626440299
16.075 1.0158147854444874 12.643358049382663
16.085 1.0173441542279955 12.661608919054103
16.095 1.0054626049380169 12.679626812480818
16.105 1.0285020706787509 12.698037254922864
16.115000000000002 1.014171615362687 12.716171104562783
16.125 1.026912358040084 12.734512398804272
16.135 1.0222721205309178 12.752750502654147
16.145 1.01595226069999 12.77085562919529
16.155 1.0146404542182013 12.788917139179212
16.165 1.011413354835348 12.806900990414873
16.175 1.0236944143550086 12.82508271188604
16.185 1.0120196651739404 12.843036776204501
16.195 1.0319577458433393 12.861323815704036
16.205000000000002 1.0163637460659034 12.879314049850684
16.215 1.0246837886094287 12.897430878394902
16.225 1.0282662679270644 12.915590259678078
16.235 1.010631005879001 12.93341772959858
16.245 1.0202476895679011 12.95139413410494
16.255 1.0252344078085718 12.969437559174857
16.265 1.0139559384316794 12.987261837640075
16.275 1.0276153169552806 13.00530526271007
16.285 1.0074011711087745 13.02297315986009
16.295 1.0178706293207687 13.040803821236102
16.305 1.0180308991282314 13.058616397698078
16.315 1.0099761583654103 13.076267273752615
16.325 1.0321933676301263 13.094285167179212
16.335 1.0215781794353485 13.112096679822715
16.345 1.016621213159827 13.129800746800699
16.355 1.0149573567096695 13.147454814310642
16.365000000000002 1.0013512396413775 13.1648514377509
16.375 1.0295873444421926 13.182717205136298
16.385 1.012656079802773 13.200268082254581
16.395 1.0242626319818284 13.217998744694308
16.405 1.0189175401479273 13.235615578557757
16.415 1.0223710530534686 13.253270709886138
16.425 1.0072083564003158 13.270642865501497
16.435 1.028013320355864 13.288352251571789
16.445 1.004972689373748 13.305643556983457
16.455000000000002 1.0000159911084332 13.322828480548111
16.465 1.0125280846271603 13.340207019074285
16.475 1.004470084664312 13.357425984830044
16.485 1.0214968633682704 13.374915160477062
16.495 1.0192824759902035 13.39234476228989
16.505 1.0118325343899048 13.409625429516815
16.515 1.0192097200940966 13.427010350953779
16.525 1.03041687811545 13.444564419527477
16.535 1.0150817121166296 13.46183551238821
16.545 1.0081615993111839 13.478967245029292
16.555 1.0231651091412262 13.496331953915215
16.565 1.0215770675596316 13.513647727151582
16.575 1.016342468062818 13.530852863267082
16.585 1.0284004179546336 13.54823991234101
16.595 1.017054527017526 13.565413133902517
16.605 1.017289229445149 13.582568270550004
16.615000000000002 1.030602032495143 13.599925532706756
16.625 1.0120119538042922 13.616947692045494
16.635 1.0100948146999975 13.633915596642327
16.645 1.0076677113141008 13.650820735949324
16.655 1.0229514042941554 13.66795991531985
16.665 1.0249898091108474 13.68511079669322
16.675 1.0267812728130776 13.702269124796159
16.685 1.0135361304643082 13.719183838469464
16.695 1.0154495674214192 13.736108126509029
16.705000000000002 1.0053547286701956 13.752841991042377
16.715 1.0312023630001277 13.769983298049807
16.725 1.0228365789895661 13.786962904649785
16.735 1.0151566653446713 13.80379251284556
16.745 1.0375942419149051 13.820971053499424
16.755 1.0229693736323362 13.837884703354248
16.765 1.0232548681692015 13.854780268295062
16.775 1.025543506042912 13.871690726694451
16.785 1.0321691745220476 13.888687354389903
16.795 1.0156557485915956 13.905389304369011
16.805 1.0054480283074392 13.92190083084213
16.815 1.011691335420046 13.938492143700598
16.825 1.0126925813577246 13.955077073648244
16.835 1.017081427721011 13.971710939245426
16.845 1.01002061245787 13.988206508441609
16.855 1.022706615182191 14.004886118232939
16.865000000000002 1.0217134097694338 14.021526366740936
16.875 1.0126090283913607 14.037995340475279
16.885 0.9962764022927287 14.054176019404201
16.895 1.0165670073093092 14.070663078052512
16.905 1.0228603857547145 14.087228859267483
16.915 1.0082563332198704 14.103535068775777
16.925 1.0195668617021538 14.120000851054748
16.935 1.029328788192418 14.136600674460698
16.945 1.0261732753614945 14.153126030573967
16.955000000000002 1.0220850240426627 14.169562025935637
16.965 1.0347485702087156 14.186177806618964
16.975 1.017396861238418 14.20249146285671
16.985 1.0191988314071736 14.21881043818692
16.995 1.0160181988993218 14.23505494622398
17.005 1.0202270982093042 14.251343070818358
17.015 1.0304564857161602 14.267770555632325
17.025 1.0173283262106494 14.283965064201318
17.035 1.0174824877054425 14.300138296401022
17.045 1.0306423987520918 14.316496633014399
17.055 1.0272640308700534 14.33277731087954
17.065 1.020987552098993 14.348934585802226
17.075 1.011194112308376 14.364913139221867
17.085 1.0147238189354384 14.380923607195447
17.095 1.0292730032848307 14.397139392133987
17.105 1.0208079803279266 14.413197731939007
17.115000000000002 1.0067663632500838 14.429011393495745
17.125 1.0092352633376807 14.444839948511158
17.135 1.0299199313190288 14.460968500335142
17.145 1.0230475453515724 14.476965138668723
17.155 1.0149983892065315 14.492811778597984
17.165 1.0050163431517432 14.508478633205923
17.175 1.0078555675491434 14.52416570036481
17.185 1.0115958914500842 14.53988680971478
17.195 1.0132249353967269 14.555608982883099
17.205000000000002 1.0052484937106714 14.571183285284162
17.215 1.0281967977144297 14.587088435229417
17.225 1.0183641697588743 14.602816991308531
17.235 1.0252669279946165 14.618627461409892
17.245 1.0206551758161462 14.634342187848768
17.255 1.0207372538463084 14.650033510281467
17.265 1.0198517784007441 14.665686535249298
17.275000000000002 1.0198685334680664 14.681315092392285
17.285 1.025380886418053 14.697003223369533
17.295 1.0159402817744316 14.712522207210164
17.305 1.0123313872868887 14.727961404665624
17.315 1.03414441361518 14.743708045658769
17.325 1.017542503065835 14.759177030031335
17.335 1.019323418961915 14.774648142041032
17.345 1.0278522265295964 14.790223508260596
17.355 1.032543830149222 14.805844618674358
17.365000000000002 1.0398593065416695 14.821550834565734
17.375 1.0294234320598372 14.837074073680139
17.385 1.0114657664601407 14.852301571259954
17.395 1.038962487147218 14.867917362581395
17.405 1.0274181335986943 14.883334219848871
17.415 1.0278394130075303 14.898731928383972
17.425 1.0305409067107725 14.914144530377582
17.435 1.0125918051947036 14.92926351847342
17.445 1.0212770578077355 14.944486760779288
17.455000000000002 1.0463646966597067 14.960057871724988
17.465 1.0302216053729463 14.97536302805308
17.475 1.0316002740233252 14.99066286528877
17.485 1.0250827855851026 15.005840363400404
17.495 1.031788674020458 15.021091264986655
17.505 1.0272012408126023 15.036248550547455
17.515 1.0244062606838964 15.051338815544753
17.525000000000002 1.0133574674060968 15.066240784672742
17.535 1.035172793642807 15.081437431516767
17.545 1.0116242432326064 15.096262805714742
17.555 1.0268274286120163 15.111284986329917
17.565 1.0318880996687427 15.1263550387761
17.575 1.0176321932875017 15.141191051159026
17.585 1.0433132314099973 15.156374932181588
17.595 1.013875251753365 15.171104562717316
17.605 1.0295224968984242 15.186035254944047
17.615000000000002 1.0397164000665657 15.201087222476351
17.625 1.0288220620395008 15.215955149413373
17.635 1.0184817398444812 15.230647546302656
17.645 1.0263545919274857 15.24542717630664
17.655 1.014498245311043 15.26000999989357
17.665 1.0239545722474654 15.274702396782914
17.675 1.0295111353107989 15.289447984595832
17.685 1.0120984221928555 15.303918043425027
17.695 1.0327167865837097 15.318656184508658
17.705000000000002 1.02973979200815 15.333325177391721
17.715 1.0385754225078754 15.348093105392485
17.725 1.0251106440784525 15.362642950606926
17.735 1.026241600156115 15.377182157636655
17.745 1.029937231881989 15.391746896309632
17.755 1.0518125985148272 15.406593546877014
17.765 1.0209931419037104 15.420978500228712
17.775000000000002 1.0275825708496051 15.435429410325375
17.785 1.0312436666894165 15.449904788246805
17.795 1.0349972180960971 15.464405697811587
17.805 1.0303236750941411 15.478814055169378
17.815 0.9989598419328359 15.492757523855943
17.825 1.0339133206302413 15.50716162594003
17.835 1.0256239864199557 15.521423176349055
17.845 1.0278070623131412 15.535687918213393
17.855 1.0179441924122379 15.549788832033542
17.865000000000002 1.0052763642120421 15.563687620344417
17.875 1.0363510230529498 15.577988532036885
17.885 1.0217445008354855 15.592060722758234
17.895 1.0151329204150854 15.606014829629272
17.905 1.0229211308454005 15.620048722885757
17.915 1.0329179382065523 15.634192189444724
17.925 1.0343160257702846 15.648327145455985
17.935 1.0234769744444667 15.662286571419418
17.945 1.0397164167415829 15.676439612344447
17.955000000000002 1.0193761437619138 15.690288401187152
17.965 1.0159840451519857 15.704063786555494
17.975 1.0112448539660013 15.717747683535203
17.985 1.0307518745955668 15.731667748215546
17.995 1.0299756478341213 15.745549515430659
18.005 1.0182848079898508 15.7592461782321
18.015 1.0201014286181176 15.772939649578248
18.025000000000002 1.0372544656950764 15.786835246433562
18.035 1.01954827719316 15.800465952489912
18.045 1.012297719893603 15.813972191785387
18.055 1.0202008088980248 15.827556089828988
18.065 1.0347842999317358 15.841305943553998
18.075 1.0149338173558053 15.854764311018156
18.085 1.0254726171377584 15.868334379421617
18.095 1.0244577102671713 15.881862958904811
18.105 1.0173064037989772 15.895269199263828
18.115000000000002 1.0212916397515812 15.90869990744774
18.125 1.0320248599868838 15.922243380389368
18.135 1.0168112054429597 15.935559196178444
18.145 1.0446000652929417 15.949210114785728
18.155 1.0200547936005124 15.96251210093484
18.165 1.0118403490732177 15.975678982138245
18.175 1.01670204199596 15.988880969351095
18.185 1.0283198560395401 16.002205295687983
18.195 1.0323387663307428 16.01555302603137
18.205000000000002 1.00801350824918 16.028558206827444
18.215 1.0191184727663227 16.041678280018168
18.225 1.032013732651315 16.054935585791522
18.235 1.031938287122777 16.068163104647784
18.245 1.0237976587772333 16.08125764619521
18.255 1.0184585536535278 16.09425538026198
18.265 1.0121800702717516 16.107144604844557
18.275000000000002 1.0188543482309225 16.120090211806087
18.285 1.0185127625094748 16.133002840395196
18.295 1.022882225741993 16.14594206444593
18.305 1.0292128771273492 16.158932351783328
18.315 1.0236641002707445 16.171823704003174
18.325 1.0257133228634856 16.184711864767532
18.335 1.02141073821109 16.19751704769116
18.345 1.0386089997466217 16.210508398847065
18.355 1.0237525248467902 16.223284858671914
18.365000000000002 1.010625582458298 16.23586876735369
18.375 1.017907700790968 16.24851437750669
18.385 1.0246256346133022 16.26121424240185
18.395 1.006601957729628 16.27366198231948
18.405 1.0138484921232969 16.286170359889933
18.415 1.0307252250941237 16.298857458963358
18.425 1.0504559940065383 16.311757321730763
18.435 1.021049070541611 16.324266763119645
18.445 1.0243195370244493 16.33678684269326
18.455000000000002 1.0302258698089448 16.349349475005738
18.465 1.0327529598181402 16.361913171136656
18.475 1.0202186283420833 16.374294954309057
18.485 1.0385559954228614 16.386869288624485
18.495 1.0164700631989663 16.399146817586967
18.505 1.0190897433901387 16.411426474186356
18.515 1.025442281140094 16.423752938798533
18.525000000000002 1.0257963144031392 16.436053871767278
18.535 1.0294457415904583 16.448368634376198
18.545 1.0218838421853382 16.460563185497932
18.555 1.030105756422723 16.47282582100185
18.565 1.025740010910349 16.485006542483486
18.575 1.0244094371512553 16.49714151977094
18.585 1.0195645187101647 16.509189263943945
18.595 1.0248972739220565 16.521269986489493
18.605 1.0196741818779396 16.533259220646613
18.615000000000002 1.0200518898522688 16.545222923160566
18.625 1.017252233645001 16.557123860384575
18.635 1.0367762880660338 16.56922266784406
18.645 1.0217650002450382 16.58111615833868
18.655 1.0373750415430518 16.593160711056157
18.665 1.0370847814641193 16.60517122158277
18.675 1.0302577899918313 16.61707215880685
18.685 1.0241377615498364 16.62887203327629
18.695 1.0156753054283523 16.640544249529267
18.705000000000002 1.0206298069656636 16.652243061244004
18.715 1.0175180369666532 16.66387591621361
18.725 1.0224167783199847 16.675534302826648
18.735 1.0488587532967957 16.68746289933094
18.745 1.0282691700926656 16.69912660503619
18.755 1.0169776334323828 16.710631801789507
18.765 1.0176979401989175 16.72211465835474
18.775000000000002 1.042153838801711 16.733842193168353
18.785 1.0384025036995268 16.745496324507204
18.795 1.031973386717425 16.75704726545458
18.805 1.0232259752555932 16.768469484367177
18.815 1.051415357090949 16.780174678992864
18.825 1.004832693291411 16.7913309432879
18.835 1.0175680401285196 16.80259784470388
18.845 1.0243071512207136 16.813908362677083
18.855 1.0309902915922555 16.825261433389084
18.865000000000002 1.0260890657587918 16.836529398623572
18.875 1.0137814104170388 16.847631408176554
18.885 1.0091044452760705 16.858651503707385
18.895 1.0415254754701344 16.869993936234774
18.905 1.0311276873502582 16.881191689450155
18.915 1.028828563992151 16.892333060286603
18.925 1.0095756076756934 16.903235071967305
18.935 1.0259804465226916 16.91428282677847
18.945 1.023558941687913 16.92527313539224
18.955000000000002 1.0072167700913564 16.93605706322278
18.965 1.034628626748046 16.94710269039697
18.975 1.0453136423021379 16.958230231593394
18.985 1.022689690256527 16.969085435261515
18.995 1.034414814470976 16.980033191136332
19.005 1.0190942291548548 16.99078733204965
19.015 1.0225943514502864 17.00154679205547
19.025000000000002 1.0328115972900844 17.012381783172714
19.035 1.0262100073316616 17.023115711535212
19.045 1.0075359483954374 17.03362304656363
19.055 1.0351019151103067 17.044385698024815
19.065 1.0097824331995682 17.05485367176969
19.075 1.0439103239203398 17.06564291869257
19.085 1.015271570523852 17.076104509526598
19.095 1.0338906992464887 17.086725673131223
19.105 1.037462155500231 17.09735109200973
19.115000000000002 1.032620060998074 17.107894596865965
19.125 1.0337091342237286 17.118416825352952
19.135 1.0500096648533466 17.129072031148645
19.145 1.014046278155329 17.13933043265499
19.155 1.0311333727555914 17.14972925819931
19.165 1.038807839549526 17.16017276411949
19.175 1.0239245588086197 17.170434357081366
19.185 1.032591008601566 17.18075020478504
19.195 1.043880182716867 17.191145838873936
19.205000000000002 1.0554596537505474 17.20162338698506
19.215 1.0220717739407243 17.211737109179328
19.225 1.0387327563877866 17.22198274486413
19.235 1.0419801892188947 17.23222731673037
19.245 1.0528514435033087 17.24254529207106
19.255 1.0353730884989565 17.25265901426563
19.265 1.025760628397184 17.262646142062128
19.275000000000002 1.025406930090082 17.27259710003073
19.285 1.039792877586271 17.282654439846393
19.295 1.0329809464956423 17.29261284454427
19.305 1.0453925572203682 17.30265741853809
19.315 1.034118590959339 17.312560504675396
19.325 1.0359254605204014 17.322447633535802
19.335 1.016723089506354 17.332118807246705
19.345 1.0405984993675306 17.34198359591927
19.355 1.038855304087463 17.351798385123622
19.365000000000002 1.0199304329313579 17.36140147445254
19.375 1.0218540017932431 17.37098967032284
19.385 1.0361957325502826 17.3806789289478
19.395 1.017305754669922 17.390158615334144
19.405 1.0255537988972754 17.399681918277714
19.415 1.0383474763001403 17.40929032669894
19.425 1.0340457070106233 17.41882533164565
19.435 1.0263602907500384 17.428256082382397
19.445 1.020483549296619 17.437599600004518
19.455000000000002 1.0230811906338837 17.446933543260407
19.465 1.009318650599985 17.45610897756427
19.475 1.0317515364809196 17.465454622823298
19.485 1.0280662553726843 17.474733247518596
19.495 1.016905633613543 17.48387783108684
19.505 1.0472242224249289 17.49326070999234
19.515 1.0297448576030899 17.502453165391735
19.525000000000002 1.0311588031084673 17.511624344421683
19.535 1.0366695587570711 17.520810416910443
19.545 1.0584937669317667 17.53015499835111
19.555 1.0285967499046724 17.539201710620336
19.565 1.027617473991066 17.54820587015052
19.575 1.0168856761904677 17.5570823714644
19.585 1.0389846103661695 17.56611738173032
19.595 1.0276093219985138 17.57501941468754
19.605 1.0192330369262546 17.583815065797513
19.615000000000002 1.0223054251530788 17.592603270178177
19.625 1.0326116673584957 17.60144572930096
19.635 1.0317784941767332 17.610246699503396
19.645 1.0050258727350834 17.6187859703622
19.655 1.0196734382283457 17.62741566579099
19.665 1.0336845021403016 17.636129402878957
19.675 1.0356486269443947 17.644825055052927
19.685 1.0319088767840732 17.653454750481686
19.695 1.0129451431017995 17.66189189476734
19.705000000000002 1.0194800222298839 17.67034925160389
19.715 1.0188623105821775 17.678767247157175
19.725 1.0280699185790771 17.687226731630723
19.735 1.0139911379355673 17.695536217699935
19.745 1.023264238627024 17.703887192689574
19.755 1.027514307598329 17.712238167679153
19.765 1.0406112050324512 17.72066041850634
19.775000000000002 1.0183171411796441 17.72886777800251
19.785 1.0199637748697883 17.73705386112919
19.795 1.0085843617109767 17.745114413676653
19.805 1.0328051103367235 17.75333347517607
19.815 1.0166942527662692 17.7613897724496
19.825 1.0177078899699517 17.769419474261312
19.835 1.0260477509984351 17.77748002680854
19.845 1.018008538994082 17.785442708056614
19.855 1.0208321128783786 17.793392623483
19.865000000000002 1.028076172817405 17.801363815278794
19.875 1.040764235607817 17.809397772364168
19.885 1.0131497558590683 17.817183859746162
19.895 1.0332644389724819 17.825089094796905
19.905 1.0351285154880148 17.832973053478263
19.915 1.0182134787106931 17.840693184115107
19.925 1.0196135871697558 17.84838884692725
19.935 1.0334919731683776 17.85615365793981
19.945 1.012368682090147 17.86372485399089
19.955000000000002 1.0320688818868726 17.871407750981348
19.965 1.0156341802688151 17.878933202838322
19.975 1.0126097999866104 17.886401208497787
19.985 1.0397070204520802 17.894033042201745
19.995 1.022217373436685 17.901501047861117
20.005 1.0369007680079927 17.909040329358028
20.015 1.0201228395027462 17.916422165721592
20.025000000000002 1.052084698439347 17.923998680864997
20.035 1.0260253179212924 17.9313517941299
20.045 1.0370085065947734 17.938747460133506
20.055 1.0098806239397389 17.945914405166054
20.065 1.025121695993398 17.953153689854673
20.075 1.0271975068716395 17.960371698173827
20.085 1.018344884342011 17.967491835193577
20.095 1.0196541706948588 17.974585376751577
20.105 1.0534115950995484 17.98187678854502
20.115000000000002 1.0105895571449954 17.98883628897593
20.125 1.0435714081876772 17.99598621291283
20.135 1.0352283946467196 18.003042520824447
20.145 1.0410809644255878 18.01010202019159
20.155 1.0317033148579744 18.017061520622462
20.165 1.0158914765336402 18.0238784693783
20.175 1.0496429702388892 18.030884777821782
20.185 1.0212726416254387 18.03766555674964
20.195 1.0254651588349613 18.04443782512966
20.205000000000002 1.0514108847355748 18.05134413463692
20.215 1.033516373419067 18.058096190465992
20.225 1.0426108158027794 18.06487058648302
20.235 1.0218492030602324 18.071473707726383
20.245 1.0568165596871624 18.07826512483901
20.255 1.052561647823873 18.08499164902487
20.265 1.0368820217683046 18.09158094062796
20.275000000000002 1.024229981703193 18.098053212199414
20.285 1.0415767914178493 18.104597823426918
20.295 1.035971047042098 18.111070094998446
20.305 1.0376712284444696 18.117515771108287
20.315 1.010458468901214 18.12375613025337
20.325 1.0378586554194484 18.130128402888694
20.335 1.021842298167026 18.136365570578448
20.345 1.0212459359781079 18.142562313166312
20.355 1.0224126348219265 18.14872926883701
20.365000000000002 1.0346006426370005 18.154932394335628
20.375 1.0124911981315254 18.160966372697576
20.385 1.0353768660667946 18.167099286177315
20.395 1.0222296225560203 18.173117307262178
20.405 1.0254719929540708 18.17911724343318
20.415 1.0210774256131432 18.18505441431433
20.425 1.028601313632639 18.190997968106313
20.435 1.033077697124117 18.196929819895157
20.445 1.0322109437549574 18.20281911894523
20.455000000000002 1.0065698618652423 18.20852544121839
20.465 1.0212103381447029 18.214277507685825
20.475 1.0206506369063337 18.219989149051433
20.485 1.0208560240001736 18.225664620589008
20.495 1.030509533479229 18.23135604940352
20.505 1.0276952887874211 18.236994287294532
20.515 1.0322683872891083 18.24261975936391
20.525000000000002 1.013916377332224 18.24810799885081
20.535 1.0366771174249312 18.25368134381527
20.545 1.0513906834501787 18.25929511388154
20.555 1.0277963233068779 18.264745055903454
20.565 1.0412545264963866 18.27022797629786
20.575 1.0168642888327875 18.275544941010963
20.585 1.048072867712358 18.28098637248512
20.595 1.0110149883548127 18.286198019169785
20.605 1.0226927479610677 18.291432006042278
20.615000000000002 1.0471113010866113 18.296752162210822
20.625 1.040258763614554 18.301998914905
20.635 1.0532861549516335 18.30727226306082
20.645 1.0258424108216788 18.312370081169117
20.655 0.0 0.0
20.665 0.0 0.0
20.675 0.0 0.0
20.685 0.0 0.0
20.695 0.0 0.0
20.705000000000002 0.0 0.0
20.715 0.0 0.0
20.725 0.0 0.0
20.735 0.0 0.0
20.745 0.0 0.0
20.755 0.0 0.0
20.765 0.0 0.0
20.775000000000002 0.0 0.0
20.785 0.0 0.0
20.795 0.0 0.0
20.805 0.0 0.0
20.815 0.0 0.0
20.825 0.0 0.0
20.835 0.0 0.0
20.845 0.0 0.0
20.855 0.0 0.0
20.865000000000002 0.0 0.0
20.875 0.0 0.0
20.885 0.0 0.0
20.895 0.0 0.0
20.905 0.0 0.0
20.915 0.0 0.0
20.925 0.0 0.0
20.935 0.0 0.0
20.945 0.0 0.0
20.955000000000002 0.0 0.0
20.965 0.0 0.0
20.975 0.0 0.0
20.985 0.0 0.0
20.995 0.0 0.0
21.005 0.0 0.0
21.015 0.0 0.0
21.025000000000002 0.0 0.0
21.035 0.0 0.0
21.045 0.0 0.0
21.055 0.0 0.0
21.065 0.0 0.0
21.075 0.0 0.0
21.085 0.0 0.0
21.095 0.0 0.0
21.105 0.0 0.0
21.115000000000002 0.0 0.0
21.125 0.0 0.0
21.135 0.0 0.0
21.145 0.0 0.0
21.155 0.0 0.0
21.165 0.0 0.0
21.175 0.0 0.0
21.185 0.0 0.0
21.195 0.0 0.0
21.205000000000002 0.0 0.0
21.215 0.0 0.0
21.225 0.0 0.0
21.235 0.0 0.0
21.245 0.0 0.0
21.255 0.0 0.0
21.265 0.0 0.0
21.275000000000002 0.0 0.0
21.285 0.0 0.0
21.295 0.0 0.0
21.305 0.0 0.0
21.315 0.0 0.0
21.325 0.0 0.0
21.335 0.0 0.0
21.345 0.0 0.0
21.355 0.0 0.0
21.365000000000002 0.0 0.0
21.375 0.0 0.0
21.385 0.0 0.0
21.395 0.0 0.0
21.405 0.0 0.0
21.415 0.0 0.0
21.425 0.0 0.0
21.435 0.0 0.0
21.445 0.0 0.0
21.455000000000002 0.0 0.0
21.465 0.0 0.0
21.475 0.0 0.0
21.485 0.0 0.0
21.495 0.0 0.0
21.505 0.0 0.0
21.515 0.0 0.0
21.525000000000002 0.0 0.0
21.535 0.0 0.0
21.545 0.0 0.0
21.555 0.0 0.0
21.565 0.0 0.0
21.575 0.0 0.0
21.585 0.0 0.0
21.595 0.0 0.0
21.605 0.0 0.0
21.615000000000002 0.0 0.0
21.625 0.0 0.0
21.635 0.0 0.0
21.645 0.0 0.0
21.655 0.0 0.0
21.665 0.0 0.0
21.675 0.0 0.0
21.685 0.0 0.0
21.695 0.0 0.0
21.705000000000002 0.0 0.0
21.715 0.0 0.0
21.725 0.0 0.0
21.735 0.0 0.0
21.745 0.0 0.0
21.755 0.0 0.0
21.765 0.0 0.0
21.775000000000002 0.0 0.0
21.785 0.0 0.0
21.795 0.0 0.0
21.805 0.0 0.0
21.815 0.0 0.0
21.825 0.0 0.0
21.835 0.0 0.0
21.845 0.0 0.0
21.855 0.0 0.0
21.865000000000002 0.0 0.0
21.875 0.0 0.0
21.885 0.0 0.0
21.895 0.0 0.0
21.905 0.0 0.0
21.915 0.0 0.0
21.925 0.0 0.0
21.935 0.0 0.0
21.945 0.0 0.0
21.955000000000002 0.0 0.0
21.965 0.0 0.0
21.975 0.0 0.0
21.985 0.0 0.0
21.995 0.0 0.0
22.005 0.0 0.0
22.015 0.0 0.0
22.025000000000002 0.0 0.0
22.035 0.0 0.0
22.045 0.0 0.0
22.055 0.0 0.0
22.065 0.0 0.0
22.075 0.0 0.0
22.085 0.0 0.0
22.095 0.0 0.0
22.105 0.0 0.0
22.115000000000002 0.0 0.0
22.125 0.0 0.0
22.135 0.0 0.0
22.145 0.0 0.0
22.155 0.0 0.0
22.165 0.0 0.0
22.175 0.0 0.0
22.185 0.0 0.0
22.195 0.0 0.0
22.205000000000002 0.0 0.0
22.215 0.0 0.0
22.225 0.0 0.0
22.235 0.0 0.0
22.245 0.0 0.0
22.255 0.0 0.0
22.265 0.0 0.0
22.275000000000002 0.0 0.0
22.285 0.0 0.0
22.295 0.0 0.0
22.305 0.0 0.0
22.315 0.0 0.0
22.325 0.0 0.0
22.335 0.0 0.0
22.345 0.0 0.0
22.355 0.0 0.0
22.365000000000002 0.0 0.0
22.375 0.0 0.0
22.385 0.0 0.0
22.395 0.0 0.0
22.405 0.0 0.0
22.415 0.0 0.0
22.425 0.0 0.0
22.435 0.0 0.0
22.445 0.0 0.0
22.455000000000002 0.0 0.0
22.465 0.0 0.0
22.475 0.0 0.0
22.485 0.0 0.0
22.495 0.0 0.0
22.505 0.0 0.0
22.515 0.0 0.0
22.525000000000002 0.0 0.0
22.535 0.0 0.0
22.545 0.0 0.0
22.555 0.0 0.0
22.565 0.0 0.0
22.575 0.0 0.0
22.585 0.0 0.0
22.595 0.0 0.0
22.605 0.0 0.0
22.615000000000002 0.0 0.0
22.625 0.0 0.0
22.635 0.0 0.0
22.645 0.0 0.0
22.655 0.0 0.0
22.665 0.0 0.0
22.675 0.0 0.0
22.685 0.0 0.0
22.695 0.0 0.0
22.705000000000002 0.0 0.0
22.715 0.0 0.0
22.725 0.0 0.0
22.735 0.0 0.0
22.745 0.0 0.0
22.755 0.0 0.0
22.765 0.0 0.0
22.775000000000002 0.0 0.0
22.785 0.0 0.0
22.795 0.0 0.0
22.805 0.0 0.0
22.815 0.0 0.0
22.825 0.0 0.0
22.835 0.0 0.0
22.845 0.0 0.0
22.855 0.0 0.0
22.865000000000002 0.0 0.0
22.875 0.0 0.0
22.885 0.0 0.0
22.895 0.0 0.0
22.905 0.0 0.0
22.915 0.0 0.0
22.925 0.0 0.0
22.935 0.0 0.0
22.945 0.0 0.0
22.955000000000002 0.0 0.0
22.965 0.0 0.0
22.975 0.0 0.0
22.985 0.0 0.0
22.995 0.0 0.0
23.005 0.0 0.0
23.015 0.0 0.0
23.025000000000002 0.0 0.0
23.035 0.0 0.0
23.045 0.0 0.0
23.055 0.0 0.0
23.065 0.0 0.0
23.075 0.0 0.0
23.085 0.0 0.0
23.095 0.0 0.0
23.105 0.0 0.0
23.115000000000002 0.0 0.0
23.125 0.0 0.0
23.135 0.0 0.0
23.145 0.0 0.0
23.155 0.0 0.0
23.165 0.0 0.0
23.175 0.0 0.0
23.185 0.0 0.0
23.195 0.0 0.0
23.205000000000002 0.0 0.0
23.215 0.0 0.0
23.225 0.0 0.0
23.235 0.0 0.0
23.245 0.0 0.0
23.255 0.0 0.0
23.265 0.0 0.0
23.275000000000002 0.0 0.0
23.285 0.0 0.0
23.295 0.0 0.0
23.305 0.0 0.0
23.315 0.0 0.0
23.325 0.0 0.0
23.335 0.0 0.0
23.345 0.0 0.0
23.355 0.0 0.0
23.365000000000002 0.0 0.0
23.375 0.0 0.0
23.385 0.0 0.0
23.395 0.0 0.0
23.405 0.0 0.0
23.415 0.0 0.0
23.425 0.0 0.0
23.435 0.0 0.0
23.445 0.0 0.0
23.455000000000002 0.0 0.0
23.465 0.0 0.0
23.475 0.0 0.0
23.485 0.0 0.0
23.495 0.0 0.0
23.505 0.0 0.0
23.515 0.0 0.0
23.525000000000002 0.0 0.0
23.535 0.0 0.0
23.545 0.0 0.0
23.555 0.0 0.0
23.565 0.0 0.0
23.575 0.0 0.0
23.585 0.0 0.0
23.595 0.0 0.0
23.605 0.0 0.0
23.615000000000002 0.0 0.0
23.625 0.0 0.0
23.635 0.0 0.0
23.645 0.0 0.0
23.655 0.0 0.0
23.665 0.0 0.0
23.675 0.0 0.0
23.685 0.0 0.0
23.695 0.0 0.0
23.705000000000002 0.0 0.0
23.715 0.0 0.0
23.725 0.0 0.0
23.735 0.0 0.0
23.745 0.0 0.0
23.755 0.0 0.0
23.765 0.0 0.0
23.775000000000002 0.0 0.0
23.785 0.0 0.0
23.795 0.0 0.0
23.805 0.0 0.0
23.815 0.0 0.0
23.825 0.0 0.0
23.835 0.0 0.0
23.845 0.0 0.0
23.855 0.0 0.0
23.865000000000002 0.0 0.0
23.875 0.0 0.0
23.885 0.0 0.0
23.895 0.0 0.0
23.905 0.0 0.0
23.915 0.0 0.0
23.925 0.0 0.0
23.935000000000002 0.0 0.0
23.945 0.0 0.0
23.955000000000002 0.0 0.0
23.965 0.0 0.0
23.975 0.0 0.0
23.985 0.0 0.0
23.995 0.0 0.0
24.005 0.0 0.0
24.015 0.0 0.0
24.025000000000002 0.0 0.0
24.035 0.0 0.0
24.045 0.0 0.0
24.055 0.0 0.0
24.065 0.0 0.0
24.075 0.0 0.0
24.085 0.0 0.0
24.095 0.0 0.0
24.105 0.0 0.0
24.115000000000002 0.0 0.0
24.125 0.0 0.0
24.135 0.0 0.0
24.145 0.0 0.0
24.155 0.0 0.0
24.165 0.0 0.0
24.175 0.0 0.0
24.185000000000002 0.0 0.0
24.195 0.0 0.0
24.205000000000002 0.0 0.0
24.215 0.0 0.0
24.225 0.0 0.0
24.235 0.0 0.0
24.245 0.0 0.0
24.255 0.0 0.0
24.265 0.0 0.0
24.275000000000002 0.0 0.0
24.285 0.0 0.0
24.295 0.0 0.0
24.305 0.0 0.0
24.315 0.0 0.0
24.325 0.0 0.0
24.335 0.0 0.0
24.345 0.0 0.0
24.355 0.0 0.0
24.365000000000002 0.0 0.0
24.375 0.0 0.0
24.385 0.0 0.0
24.395 0.0 0.0
24.405 0.0 0.0
24.415 0.0 0.0
24.425 0.0 0.0
24.435000000000002 0.0 0.0
24.445 0.0 0.0
24.455000000000002 0.0 0.0
24.465 0.0 0.0
24.475 0.0 0.0
24.485 0.0 0.0
24.495 0.0 0.0
24.505 0.0 0.0
24.515 0.0 0.0
24.525000000000002 0.0 0.0
24.535 0.0 0.0
24.545 0.0 0.0
24.555 0.0 0.0
24.565 0.0 0.0
24.575 0.0 0.0
24.585 0.0 0.0
24.595 0.0 0.0
24.605 0.0 0.0
24.615000000000002 0.0 0.0
24.625 0.0 0.0
24.635 0.0 0.0
24.645 0.0 0.0
24.655 0.0 0.0
24.665 0.0 0.0
24.675 0.0 0.0
24.685000000000002 0.0 0.0
24.695 0.0 0.0
24.705000000000002 0.0 0.0
24.715 0.0 0.0
24.725 0.0 0.0
24.735 0.0 0.0
24.745 0.0 0.0
24.755 0.0 0.0
24.765 0.0 0.0
24.775000000000002 0.0 0.0
24.785 0.0 0.0
24.795 0.0 0.0
24.805 0.0 0.0
24.815 0.0 0.0
24.825 0.0 0.0
24.835 0.0 0.0
24.845 0.0 0.0
24.855 0.0 0.0
24.865000000000002 0.0 0.0
24.875 0.0 0.0
24.885 0.0 0.0
24.895 0.0 0.0
24.905 0.0 0.0
24.915 0.0 0.0
24.925 0.0 0.0
24.935000000000002 0.0 0.0
24.945 0.0 0.0
24.955000000000002 0.0 0.0
24.965 0.0 0.0
24.975 0.0 0.0
24.985 0.0 0.0
24.995 0.0 0.0
25.005 0.0 0.0
25.015 0.0 0.0
25.025000000000002 0.0 0.0
25.035 0.0 0.0
25.045 0.0 0.0
25.055 0.0 0.0
25.065 0.0 0.0
25.075 0.0 0.0
25.085 0.0 0.0
25.095 0.0 0.0
25.105 0.0 0.0
25.115000000000002 0.0 0.0
25.125 0.0 0.0
25.135 0.0 0.0
25.145 0.0 0.0
25.155 0.0 0.0
25.165 0.0 0.0
25.175 0.0 0.0
25.185000000000002 0.0 0.0
25.195 0.0 0.0
25.205000000000002 0.0 0.0
25.215 0.0 0.0
25.225 0.0 0.0
25.235 0.0 0.0
25.245 0.0 0.0
25.255 0.0 0.0
25.265 0.0 0.0
25.275000000000002 0.0 0.0
25.285 0.0 0.0
25.295 0.0 0.0
25.305 0.0 0.0
25.315 0.0 0.0
25.325 0.0 0.0
25.335 0.0 0.0
25.345 0.0 0.0
25.355 0.0 0.0
25.365000000000002 0.0 0.0
25.375 0.0 0.0
25.385 0.0 0.0
25.395 0.0 0.0
25.405 0.0 0.0
25.415 0.0 0.0
25.425 0.0 0.0
25.435000000000002 0.0 0.0
25.445 0.0 0.0
25.455000000000002 0.0 0.0
25.465 0.0 0.0
25.475 0.0 0.0
25.485 0.0 0.0
25.495 0.0 0.0
25.505 0.0 0.0
25.515 0.0 0.0
25.525000000000002 0.0 0.0
25.535 0.0 0.0
25.545 0.0 0.0
25.555 0.0 0.0
25.565 0.0 0.0
25.575 0.0 0.0
25.585 0.0 0.0
25.595 0.0 0.0
25.605 0.0 0.0
25.615000000000002 0.0 0.0
25.625 0.0 0.0
25.635 0.0 0.0
25.645 0.0 0.0
25.655 0.0 0.0
25.665 0.0 0.0
25.675 0.0 0.0
25.685000000000002 0.0 0.0
25.695 0.0 0.0
25.705000000000002 0.0 0.0
25.715 0.0 0.0
25.725 0.0 0.0
25.735 0.0 0.0
25.745 0.0 0.0
25.755 0.0 0.0
25.765 0.0 0.0
25.775000000000002 0.0 0.0
25.785 0.0 0.0
25.795 0.0 0.0
25.805 0.0 0.0
25.815 0.0 0.0
25.825 0.0 0.0
25.835 0.0 0.0
25.845 0.0 0.0
25.855 0.0 0.0
25.865000000000002 0.0 0.0
25.875 0.0 0.0
25.885 0.0 0.0
25.895 0.0 0.0
25.905 0.0 0.0
25.915 0.0 0.0
25.925 0.0 0.0
25.935000000000002 0.0 0.0
25.945 0.0 0.0
25.955000000000002 0.0 0.0
25.965 0.0 0.0
25.975 0.0 0.0
25.985 0.0 0.0
25.995 0.0 0.0
26.005 0.0 0.0
26.015 0.0 0.0
26.025000000000002 0.0 0.0
26.035 0.0 0.0
26.045 0.0 0.0
26.055 0.0 0.0
26.065 0.0 0.0
26.075 0.0 0.0
26.085 0.0 0.0
26.095 0.0 0.0
26.105 0.0 0.0
26.115000000000002 0.0 0.0
26.125 0.0 0.0
26.135 0.0 0.0
26.145 0.0 0.0
26.155 0.0 0.0
26.165 0.0 0.0
26.175 0.0 0.0
26.185000000000002 0.0 0.0
26.195 0.0 0.0
26.205000000000002 0.0 0.0
26.215 0.0 0.0
26.225 0.0 0.0
26.235 0.0 0.0
26.245 0.0 0.0
26.255 0.0 0.0
26.265 0.0 0.0
26.275000000000002 0.0 0.0
26.285 0.0 0.0
26.295 0.0 0.0
26.305 0.0 0.0
26.315 0.0 0.0
26.325 0.0 0.0
26.335 0.0 0.0
26.345 0.0 0.0
26.355 0.0 0.0
26.365000000000002 0.0 0.0
26.375 0.0 0.0
26.385 0.0 0.0
26.395 0.0 0.0
26.405 0.0 0.0
26.415 0.0 0.0
26.425 0.0 0.0
26.435000000000002 0.0 0.0
26.445 0.0 0.0
26.455000000000002 0.0 0.0
26.465 0.0 0.0
26.475 0.0 0.0
26.485 0.0 0.0
26.495 0.0 0.0
26.505 0.0 0.0
26.515 0.0 0.0
26.525000000000002 0.0 0.0
26.535 0.0 0.0
26.545 0.0 0.0
26.555 0.0 0.0
26.565 0.0 0.0
26.575 0.0 0.0
26.585 0.0 0.0
26.595 0.0 0.0
26.605 0.0 0.0
26.615000000000002 0.0 0.0
26.625 0.0 0.0
26.635 0.0 0.0
26.645 0.0 0.0
26.655 0.0 0.0
26.665 0.0 0.0
26.675 0.0 0.0
26.685000000000002 0.0 0.0
26.695 0.0 0.0
26.705000000000002 0.0 0.0
26.715 0.0 0.0
26.725 0.0 0.0
26.735 0.0 0.0
26.745 0.0 0.0
26.755 0.0 0.0
26.765 0.0 0.0
26.775000000000002 0.0 0.0
26.785 0.0 0.0
26.795 0.0 0.0
26.805 0.0 0.0
26.815 0.0 0.0
26.825 0.0 0.0
26.835 0.0 0.0
26.845 0.0 0.0
26.855 0.0 0.0
26.865000000000002 0.0 0.0
26.875 0.0 0.0
26.885 0.0 0.0
26.895 0.0 0.0
26.905 0.0 0.0
26.915 0.0 0.0
26.925 0.0 0.0
26.935000000000002 0.0 0.0
26.945 0.0 0.0
26.955000000000002 0.0 0.0
26.965 0.0 0.0
26.975 0.0 0.0
26.985 0.0 0.0
26.995 0.0 0.0
27.005 0.0 0.0
27.015 0.0 0.0
27.025000000000002 0.0 0.0
27.035 0.0 0.0
27.045 0.0 0.0
27.055 0.0 0.0
27.065 0.0 0.0
27.075 0.0 0.0
27.085 0.0 0.0
27.095 0.0 0.0
27.105 0.0 0.0
27.115000000000002 0.0 0.0
27.125 0.0 0.0
27.135 0.0 0.0
27.145 0.0 0.0
27.155 0.0 0.0
27.165 0.0 0.0
27.175 0.0 0.0
27.185000000000002 0.0 0.0
27.195 0.0 0.0
27.205000000000002 0.0 0.0
27.215 0.0 0.0
27.225 0.0 0.0
27.235 0.0 0.0
27.245 0.0 0.0
27.255 0.0 0.0
27.265 0.0 0.0
27.275000000000002 0.0 0.0
27.285 0.0 0.0
27.295 0.0 0.0
27.305 0.0 0.0
27.315 0.0 0.0
27.325 0.0 0.0
27.335 0.0 0.0
27.345 0.0 0.0
27.355 0.0 0.0
27.365000000000002 0.0 0.0
27.375 0.0 0.0
27.385 0.0 0.0
27.395 0.0 0.0
27.405 0.0 0.0
27.415 0.0 0.0
27.425 0.0 0.0
27.435000000000002 0.0 0.0
27.445 0.0 0.0
27.455000000000002 0.0 0.0
27.465 0.0 0.0
27.475 0.0 0.0
27.485 0.0 0.0
27.495 0.0 0.0
27.505 0.0 0.0
27.515 0.0 0.0
27.525000000000002 0.0 0.0
27.535 0.0 0.0
27.545 0.0 0.0
27.555 0.0 0.0
27.565 0.0 0.0
27.575 0.0 0.0
27.585 0.0 0.0
27.595 0.0 0.0
27.605 0.0 0.0
27.615000000000002 0.0 0.0
27.625 0.0 0.0
27.635 0.0 0.0
27.645 0.0 0.0
27.655 0.0 0.0
27.665 0.0 0.0
27.675 0.0 0.0
27.685000000000002 0.0 0.0
27.695 0.0 0.0
27.705000000000002 0.0 0.0
27.715 0.0 0.0
27.725 0.0 0.0
27.735 0.0 0.0
27.745 0.0 0.0
27.755 0.0 0.0
27.765 0.0 0.0
27.775000000000002 0.0 0.0
27.785 0.0 0.0
27.795 0.0 0.0
27.805 0.0 0.0
27.815 0.0 0.0
27.825 0.0 0.0
27.835 0.0 0.0
27.845 0.0 0.0
27.855 0.0 0.0
27.865000000000002 0.0 0.0
27.875 0.0 0.0
27.885 0.0 0.0
27.895 0.0 0.0
27.905 0.0 0.0
27.915 0.0 0.0
27.925 0.0 0.0
27.935000000000002 0.0 0.0
27.945 0.0 0.0
27.955000000000002 0.0 0.0
27.965 0.0 0.0
27.975 0.0 0.0
27.985 0.0 0.0
27.995 0.0 0.0
28.005 0.0 0.0
28.015 0.0 0.0
28.025000000000002 0.0 0.0
28.035 0.0 0.0
28.045 0.0 0.0
28.055 0.0 0.0
28.065 0.0 0.0
28.075 0.0 0.0
28.085 0.0 0.0
28.095 0.0 0.0
28.105 0.0 0.0
28.115000000000002 0.0 0.0
28.125 0.0 0.0
28.135 0.0 0.0
28.145 0.0 0.0
28.155 0.0 0.0
28.165 0.0 0.0
28.175 0.0 0.0
28.185000000000002 0.0 0.0
28.195 0.0 0.0
28.205000000000002 0.0 0.0
28.215 0.0 0.0
28.225 0.0 0.0
28.235 0.0 0.0
28.245 0.0 0.0
28.255 0.0 0.0
28.265 0.0 0.0
28.275000000000002 0.0 0.0
28.285 0.0 0.0
28.295 0.0 0.0
28.305 0.0 0.0
28.315 0.0 0.0
28.325 0.0 0.0
28.335 0.0 0.0
28.345 0.0 0.0
28.355 0.0 0.0
28.365000000000002 0.0 0.0
28.375 0.0 0.0
28.385 0.0 0.0
28.395 0.0 0.0
28.405 0.0 0.0
28.415 0.0 0.0
28.425 0.0 0.0
28.435000000000002 0.0 0.0
28.445 0.0 0.0
28.455000000000002 0.0 0.0
28.465 0.0 0.0
28.475 0.0 0.0
28.485 0.0 0.0
28.495 0.0 0.0
28.505 0.0 0.0
28.515 0.0 0.0
28.525000000000002 0.0 0.0
28.535 0.0 0.0
28.545 0.0 0.0
28.555 0.0 0.0
28.565 0.0 0.0
28.575 0.0 0.0
28.585 0.0 0.0
28.595 0.0 0.0
28.605 0.0 0.0
28.615000000000002 0.0 0.0
28.625 0.0 0.0
28.635 0.0 0.0
28.645 0.0 0.0
28.655 0.0 0.0
28.665 0.0 0.0
28.675 0.0 0.0
28.685000000000002 0.0 0.0
28.695 0.0 0.0
28.705000000000002 0.0 0.0
28.715 0.0 0.0
28.725 0.0 0.0
28.735 0.0 0.0
28.745 0.0 0.0
28.755 0.0 0.0
28.765 0.0 0.0
28.775000000000002 0.0 0.0
28.785 0.0 0.0
28.795 0.0 0.0
28.805 0.0 0.0
28.815 0.0 0.0
28.825 0.0 0.0
28.835 0.0 0.0
28.845 0.0 0.0
28.855 0.0 0.0
28.865000000000002 0.0 0.0
28.875 0.0 0.0
28.885 0.0 0.0
28.895 0.0 0.0
28.905 0.0 0.0
28.915 0.0 0.0
28.925 0.0 0.0
28.935000000000002 0.0 0.0
28.945 0.0 0.0
28.955000000000002 0.0 0.0
28.965 0.0 0.0
28.975 0.0 0.0
28.985 0.0 0.0
28.995 0.0 0.0
29.005 0.0 0.0
29.015 0.0 0.0
29.025000000000002 0.0 0.0
29.035 0.0 0.0
29.045 0.0 0.0
29.055 0.0 0.0
29.065 0.0 0.0
29.075 0.0 0.0
29.085 0.0 0.0
29.095 0.0 0.0
29.105 0.0 0.0
29.115000000000002 0.0 0.0
29.125 0.0 0.0
29.135 0.0 0.0
29.145 0.0 0.0
29.155 0.0 0.0
29.165 0.0 0.0
29.175 0.0 0.0
29.185000000000002 0.0 0.0
29.195 0.0 0.0
29.205000000000002 0.0 0.0
29.215 0.0 0.0
29.225 0.0 0.0
29.235 0.0 0.0
29.245 0.0 0.0
29.255 0.0 0.0
29.265 0.0 0.0
29.275000000000002 0.0 0.0
29.285 0.0 0.0
29.295 0.0 0.0
29.305 0.0 0.0
29.315 0.0 0.0
29.325 0.0 0.0
29.335 0.0 0.0
29.345 0.0 0.0
29.355 0.0 0.0
29.365000000000002 0.0 0.0
29.375 0.0 0.0
29.385 0.0 0.0
29.395 0.0 0.0
29.405 0.0 0.0
29.415 0.0 0.0
29.425 0.0 0.0
29.435000000000002 0.0 0.0
29.445 0.0 0.0
29.455000000000002 0.0 0.0
29.465 0.0 0.0
29.475 0.0 0.0
29.485 0.0 0.0
29.495 0.0 0.0
29.505 0.0 0.0
29.515 0.0 0.0
29.525000000000002 0.0 0.0
29.535 0.0 0.0
29.545 0.0 0.0
29.555 0.0 0.0
29.565 0.0 0.0
29.575 0.0 0.0
29.585 0.0 0.0
29.595 0.0 0.0
29.605 0.0 0.0
29.615000000000002 0.0 0.0
29.625 0.0 0.0
29.635 0.0 0.0
29.645 0.0 0.0
29.655 0.0 0.0
29.665 0.0 0.0
29.675 0.0 0.0
29.685000000000002 0.0 0.0
29.695 0.0 0.0
29.705000000000002 0.0 0.0
29.715 0.0 0.0
29.725 0.0 0.0
29.735 0.0 0.0
29.745 0.0 0.0
29.755 0.0 0.0
29.765 0.0 0.0
29.775000000000002 0.0 0.0
29.785 0.0 0.0
29.795 0.0 0.0
29.805 0.0 0.0
29.815 0.0 0.0
29.825 0.0 0.0
29.835 0.0 0.0
29.845 0.0 0.0
29.855 0.0 0.0
29.865000000000002 0.0 0.0
29.875 0.0 0.0
29.885 0.0 0.0
29.895 0.0 0.0
29.905 0.0 0.0
29.915 0.0 0.0
29.925 0.0 0.0
29.935000000000002 0.0 0.0
29.945 0.0 0.0
29.955000000000002 0.0 0.0
29.965 0.0 0.0
29.975 0.0 0.0
29.985 0.0 0.0
29.995 0.0 0.0
30.005 0.0 0.0
