0.005 0.0 0.0
0.015 0.0 0.0
0.025 0.0 0.0
0.035 0.0 0.0
0.045 0.0 0.0
0.055 0.0 0.0
0.065 0.0 0.0
0.075 0.0 0.0
0.085 0.0 0.0
0.095 0.0 0.0
0.105 0.0 0.0
0.115 0.0 0.0
0.125 0.0 0.0
0.135 0.0 0.0
0.145 0.0 0.0
0.155 0.0 0.0
0.165 0.0 0.0
0.17500000000000002 0.0 0.0
0.185 0.0 0.0
0.195 0.0 0.0
0.20500000000000002 0.0 0.0
0.215 0.0 0.0
0.225 0.0 0.0
0.23500000000000001 0.0 0.0
0.245 0.0 0.0
0.255 0.0 0.0
0.265 0.0 0.0
0.275 0.0 0.0
0.28500000000000003 0.0 0.0
0.295 0.0 0.0
0.305 0.0 0.0
0.315 0.0 0.0
0.325 0.0 0.0
0.335 0.0 0.0
0.34500000000000003 0.0 0.0
0.355 0.0 0.0
0.365 0.0 0.0
0.375 0.0 0.0
0.385 0.0 0.0
0.395 0.0 0.0
0.405 0.0 0.0
0.41500000000000004 0.0 0.0
0.425 0.0 0.0
0.435 0.0 0.0
0.445 0.0 0.0
0.455 0.0 0.0
0.465 0.0 0.0
0.47500000000000003 0.0 0.0
0.485 0.0 0.0
0.495 0.0 0.0
0.505 0.0 0.0
0.515 0.0 0.0
0.525 0.0 0.0
0.535 0.0 0.0
0.545 0.0 0.0
0.555 0.0 0.0
0.5650000000000001 0.0 0.0
0.5750000000000001 0.0 0.0
0.585 0.0 0.0
0.595 0.0 0.0
0.605 0.0 0.0
0.615 0.0 0.0
0.625 0.0 0.0
0.635 0.0 0.0
0.645 0.0 0.0
0.655 0.0 0.0
0.665 0.0 0.0
0.675 0.0 0.0
0.685 0.0 0.0
0.6950000000000001 0.0 0.0
0.705 0.0 0.0
0.715 0.0 0.0
0.725 0.0 0.0
0.735 0.0 0.0
0.745 0.0 0.0
0.755 0.0 0.0
0.765 0.0 0.0
0.775 0.0 0.0
0.785 0.0 0.0
0.795 0.0 0.0
0.805 0.0 0.0
0.8150000000000001 0.0 0.0
0.8250000000000001 0.0 0.0
0.835 0.0 0.0
0.845 0.0 0.0
0.855 0.0 0.0
0.865 0.0 0.0
0.875 0.0 0.0
0.885 0.0 0.0
0.895 0.0 0.0
0.905 0.0 0.0
0.915 0.0 0.0
0.925 0.0 0.0
0.935 0.0 0.0
0.9450000000000001 0.0 0.0
0.9550000000000001 0.0 0.0
0.965 0.0 0.0
0.975 0.0 0.0
0.985 0.0 0.0
0.995 0.0 0.0
1.0050000000000001 0.0 0.0
1.0150000000000001 0.0 0.0
1.025 0.0 0.0
1.035 0.0 0.0
1.045 0.0 0.0
1.055 0.0 0.0
1.065 0.0 0.0
1.075 0.0 0.0
1.085 0.0 0.0
1.095 0.0 0.0
1.105 0.0 0.0
1.115 0.0 0.0
1.125 0.0 0.0
1.135 0.0 0.0
1.145 0.0 0.0
1.155 0.0 0.0
1.165 0.0 0.0
1.175 0.0 0.0
1.185 0.0 0.0
1.195 0.0 0.0
1.205 0.0 0.0
1.215 0.0 0.0
1.225 0.0 0.0
1.235 0.0 0.0
1.245 0.0 0.0
1.2550000000000001 0.0 0.0
1.2650000000000001 0.0 0.0
1.2750000000000001 0.0 0.0
1.285 0.0 0.0
1.295 0.0 0.0
1.305 0.0 0.0
1.315 0.0 0.0
1.325 0.0 0.0
1.335 0.0 0.0
1.345 0.0 0.0
1.355 0.0 0.0
1.365 0.0 0.0
1.375 0.0 0.0
1.385 0.0 0.0
1.395 0.0 0.0
1.405 0.0 0.0
1.415 0.0 0.0
1.425 0.0 0.0
1.435 0.0 0.0
1.445 0.0 0.0
1.455 0.0 0.0
1.465 0.0 0.0
1.475 0.0 0.0
1.485 0.0 0.0
1.495 0.0 0.0
1.5050000000000001 0.0 0.0
1.5150000000000001 0.0 0.0
1.5250000000000001 0.0 0.0
1.5350000000000001 0.0 0.0
1.545 0.0 0.0
1.555 0.0 0.0
1.565 0.0 0.0
1.575 0.0 0.0
1.585 0.0 0.0
1.595 0.0 0.0
1.605 0.0 0.0
1.615 0.0 0.0
1.625 0.0 0.0
1.635 0.0 0.0
1.645 0.0 0.0
1.655 0.0 0.0
1.665 0.0 0.0
1.675 0.0 0.0
1.685 0.0 0.0
1.695 0.0 0.0
1.705 0.0 0.0
1.715 0.0 0.0
1.725 0.0 0.0
1.735 0.0 0.0
1.745 0.0 0.0
1.7550000000000001 0.0 0.0
1.7650000000000001 0.0 0.0
1.7750000000000001 0.0 0.0
1.7850000000000001 0.0 0.0
1.795 0.0 0.0
1.805 0.0 0.0
1.815 0.0 0.0
1.825 0.0 0.0
1.835 0.0 0.0
1.845 0.0 0.0
1.855 0.0 0.0
1.865 0.0 0.0
1.875 0.0 0.0
1.885 0.0 0.0
1.895 0.0 0.0
1.905 0.0 0.0
1.915 0.0 0.0
1.925 0.0 0.0
1.935 0.0 0.0
1.945 0.0 0.0
1.955 0.0 0.0
1.965 0.0 0.0
1.975 0.0 0.0
1.985 0.0 0.0
1.995 0.0 0.0
2.005 0.0 0.0
2.015 0.0 0.0
2.025 0.0 0.0
2.035 0.0 0.0
2.045 0.0 0.0
2.055 0.0 0.0
2.065 0.0 0.0
2.075 0.0 0.0
2.085 0.0 0.0
2.095 0.0 0.0
2.105 0.0 0.0
2.115 0.0 0.0
2.125 0.0 0.0
2.1350000000000002 0.0 0.0
2.145 0.0 0.0
2.1550000000000002 0.0 0.0
2.165 0.0 0.0
2.1750000000000003 0.0 0.0
2.185 0.0 0.0
2.195 0.0 0.0
2.205 0.0 0.0
2.215 0.0 0.0
2.225 0.0 0.0
2.235 0.0 0.0
2.245 0.0 0.0
2.255 0.0 0.0
2.265 0.0 0.0
2.275 0.0 0.0
2.285 4.609933100150265e-6 1.0144936651972064e-7
2.295 4.569846979059889e-6 2.0289873303944128e-7
2.305 4.530281452580307e-6 3.0434809955916195e-7
2.315 2.6947365270215226e-5 9.130442986774859e-7
2.325 2.6716058840156675e-5 1.52174049779581e-6
2.335 6.180467499015915e-5 2.9420316290718994e-6
2.345 0.00011380326461144027 5.579715158584631e-6
2.355 0.00016925825394318455 9.53624045285372e-6
2.365 0.00031414318875546657 1.6942044208793295e-5
2.375 0.0005248618015353582 2.9420316290718883e-5
2.3850000000000002 0.0009266899150339846 5.1637727558538244e-5
2.395 0.001770795906610674 9.444936022986177e-5
2.4050000000000002 0.0028422196746135642 0.00016373927756283327
2.415 0.004535555927792383 0.00027523213136801
2.4250000000000003 0.006966316138828798 0.0004478989531845803
2.435 0.010850959490349529 0.0007190731098917145
2.445 0.016367032412823366 0.001131464784794192
2.455 0.024205185511948734 0.0017463493952699113
2.465 0.03485512140077161 0.0026390023712771623
2.475 0.04995336795099583 0.003928728167843307
2.485 0.0690019274258046 0.0057246863033413265
2.495 0.09379915760435067 0.008185746485743014
2.505 0.12401019554904694 0.011465604505322123
2.515 0.16323680837053553 0.015817477980916383
2.525 0.21245532134100598 0.021526642531183512
2.535 0.26811126562771015 0.028788591085396532
2.545 0.33408062117748294 0.03790888913551806
2.555 0.41232881550582956 0.04925397179342048
2.565 0.5001925184138881 0.0631245349814631
2.575 0.5988095631220107 0.07985952103318611
2.585 0.7103254965607351 0.09986553900961523
2.595 0.8302697932793838 0.12343100945975169
2.605 0.9552395144922777 0.1507528456040044
2.615 1.0899277213552638 0.18216684484556245
2.625 1.2333158756408915 0.2179859784801476
2.6350000000000002 1.376652866834589 0.2582732465643699
2.645 1.5221569706578182 0.30315738834432787
2.6550000000000002 1.6641535237939513 0.3526003603075758
2.665 1.8107477855586875 0.40680475683904443
2.6750000000000003 1.9526083274973423 0.4656952010594469
2.685 2.0835985013373572 0.5290070115715327
2.695 2.2037725097308933 0.5964701301615863
2.705 2.3195960148516397 0.6680068466148513
2.715 2.422684925856291 0.7432762910598273
2.725 2.5186451280084676 0.8221045792823359
2.735 2.5923851809744662 0.9038373628683241
2.745 2.6621939422912484 0.9883859750714571
2.755 2.7094060643718967 1.075062081939853
2.765 2.7472876479901727 1.163589233949786
2.775 2.776986591882919 1.2537218221848472
2.785 2.7873925161573605 1.3448453678320824
2.795 2.7856179191028856 1.436566044450641
2.805 2.770686189621266 1.528449040055616
2.815 2.748432912982165 1.6202450935534731
2.825 2.720468147033992 1.7117538424454097
2.835 2.680801924972111 1.802567866075418
2.845 2.6346963878742002 1.8924507874195315
2.855 2.5771218954066235 1.9809886930622962
2.865 2.515494150744199 2.068015814738873
2.875 2.45888530013655 2.1536793554800613
2.8850000000000002 2.388447729167184 2.2374688220735104
2.895 2.3224181387477434 2.3195076783982747
2.9050000000000002 2.2490367295589353 2.3995041560762886
2.915 2.182254146802694 2.4776605451443436
2.9250000000000003 2.1086025672359394 2.5536981641926357
2.935 2.03621253148951 2.6276282741008323
2.945 1.966589844870136 2.699517932900246
2.955 1.898754458380668 2.769400010185634
2.965 1.8359687130659499 2.8374294191395855
2.975 1.7649947828707602 2.903270869605806
2.985 1.7058290145991788 2.9673337097782357
2.995 1.6418716960548463 3.0294084467147147
3.005 1.5843853766719789 3.089710457420867
3.015 1.5307090792224205 3.1483579304085425
3.025 1.4779145473003699 3.20535888017745
3.035 1.429230685697073 3.260847219891543
3.045 1.378721034613864 3.314727891494626
3.055 1.3349428342927498 3.3672409241875325
3.065 1.2946393535671095 3.4185024774948713
3.075 1.2542023126060104 3.4684874934233982
3.085 1.2199847552171807 3.517425551889752
3.095 1.182235025966991 3.5651572759385592
3.105 1.152774764532477 3.6120008107832295
3.115 1.1196369055531181 3.6577913012036642
3.125 1.097854596716913 3.7029796896340765
3.1350000000000002 1.0697072844279216 3.7472917584363525
3.145 1.048450967261734 3.791000812203753
3.1550000000000002 1.0284674846849762 3.834149865467895
3.165 1.0073648450461135 3.876681903685233
3.1750000000000003 0.9873715894109548 3.918633651526202
3.185 0.9713652043347987 3.96016570333763
3.1950000000000003 0.9555371955259603 4.001277957670042
3.205 0.9438241006593105 4.042140849459554
3.215 0.9314486059942064 4.082719987371253
3.225 0.9200251442390048 4.123051183031548
3.235 0.9110225638503663 4.1632357843568855
3.245 0.8998183679126559 4.203171936183369
3.255 0.8940458601225978 4.243096827130106
3.265 0.8834794119339437 4.282792645407587
3.275 0.8790932336207656 4.322533710102801
3.285 0.8739566521448847 4.362284209588845
3.295 0.8667090424801673 4.4019454336321004
3.305 0.8638475812319444 4.4417160200923975
3.315 0.8615370604187593 4.481620621166128
3.325 0.8558793566942251 4.521502700480722
3.335 0.8560866686959585 4.561634751034236
3.345 0.853866894042153 4.601903149536104
3.355 0.8521180830603563 4.642329707600419
3.365 0.8507596952701209 4.682932787562745
3.375 0.8473907510089074 4.723615809626006
3.3850000000000002 0.8464729388731372 4.764495947808169
3.395 0.8463740012132834 4.805613173159611
3.4050000000000002 0.8446651568021363 4.846889471117849
3.415 0.8458904402473427 4.888468798334113
3.4250000000000003 0.8444175728147211 4.930219169182327
3.435 0.8460196188167562 4.972293366408506
3.4450000000000003 0.8496189865477175 5.014792940828491
3.455 0.8485591842286113 5.057486283538592
3.465 0.8515650901778039 5.1005792353033295
3.475 0.8507013661446573 5.143877317687137
3.485 0.8529528863043409 5.187540211992737
3.495 0.8574820361285235 5.231687222675321
3.505 0.8574785800607875 5.276087045179335
3.515 0.8589087395211653 5.320815056384188
3.525 0.8616571042343115 5.3659418650491
3.535 0.8630316284890442 5.411397471110918
3.545 0.8655165508548505 5.4572422369426254
3.555 0.865994418312595 5.503371466797973
3.565 0.8717409744595415 5.550068407308259
3.575 0.8727542987364769 5.59708227563931
3.585 0.8737053111227903 5.64441104280395
3.595 0.8787611601741536 5.692279622048065
3.605 0.8798267153807581 5.740473245062797
3.615 0.8816811390147888 5.789036752467937
3.625 0.8829284190987473 5.837938390611876
3.6350000000000002 0.8879358026755796 5.887389072727074
3.645 0.89215217470863 5.937348320516416
3.6550000000000002 0.8936804307566867 5.9876681193540335
3.665 0.8973935639662753 6.03847386065728
3.6750000000000003 0.8996950780178347 6.089688240009033
3.685 0.903185013918134 6.141381460371203
3.6950000000000003 0.9073539003695704 6.1935955217811225
3.705 0.9102986422094432 6.246262960410346
3.715 0.9128079123442748 6.299361051600114
3.725 0.9146596129217625 6.352853679375948
3.735 0.918560963451058 6.406863293123368
3.745 0.9247330856111798 6.461527356734212
3.755 0.9252410329699655 6.516513927881487
3.765 0.930012898064584 6.5720788618677
3.775 0.9316742986598664 6.62803914403528
3.785 0.9358219744888341 6.684546745535139
3.795 0.9394450998943518 6.741573260544503
3.805 0.9415160344540928 6.799027080285149
3.815 0.9458197101112894 6.8570472918390974
3.825 0.9470434341271325 6.915447532720501
3.835 0.9527110439424681 6.974504861149224
3.845 0.9562865150640841 7.03409337846101
3.855 0.9577908013993471 7.094086475846252
3.865 0.9599241347924368 7.154525544646467
3.875 0.9619281429165173 7.215404599348869
3.8850000000000002 0.9692714484161856 7.277065422869875
3.895 0.9690017711743381 7.339026840864334
3.9050000000000002 0.9714765010957739 7.401465882476807
3.915 0.9753784963844243 7.4644771999656365
3.9250000000000003 0.9786422703109946 7.5280227498182075
3.935 0.9821199051076663 7.592119474078522
3.9450000000000003 0.9839675916247305 7.6566635900453
3.955 0.9903665228119883 7.721957213932176
3.9650000000000003 0.9931104678116378 7.787763258570134
3.975 0.993533878757406 7.853929854256584
3.985 0.9993379152956188 7.920818262185199
3.995 1.0021095270623839 7.988229235800235
4.005 1.0043983568715273 8.056132847538946
4.015 1.009145499454432 8.124698517844163
4.025 1.0133740384276093 8.193894898861835
4.035 1.0161009991616372 8.263622671661341
4.045 1.018381156426962 8.333853734767501
4.055 1.0220405340586312 8.404686088268368
4.065 1.0241498457572729 8.476015137867817
4.075 1.0280670082342083 8.547969724262074
4.085 1.0306440877891574 8.620459151717105
4.095 1.0341138744942675 8.69354915942171
4.105 1.0381332905685003 8.76728205176103
4.115 1.041761745635344 8.841633582336835
4.125 1.043078154890072 8.916441330714708
4.135 1.0484802039697396 8.99200152904491
4.1450000000000005 1.0490408496040096 9.06796823498666
4.155 1.0536759386007777 9.144639202430007
4.165 1.0550992639916 9.221783735515464
4.175 1.057522869713096 9.29947721112373
4.1850000000000005 1.0636795775766053 9.377997803418289
4.195 1.0648841670725897 9.456983439609074
4.205 1.0658311466481134 9.536416670404186
4.215 1.0705654804288636 9.616582669972656
4.225 1.0725571194661847 9.697279351177961
4.235 1.0716286509564432 9.778288293534663
4.245 1.0777776149204656 9.860147280133274
4.255 1.0812645983953388 9.942658484708314
4.265 1.078912721240059 10.025377660483677
4.275 1.0798187844955176 10.108554981599248
4.285 1.083637105948391 10.192417390287641
4.295 1.0874851836718868 10.276970872061113
4.305 1.0880234269488345 10.361960586109594
4.315 1.0913140207541931 10.447603836976693
4.325 1.0929155391204768 10.533770769474616
4.335 1.094456100215991 10.6204586444702
4.345 1.0973618710219344 10.707778143221384
4.355 1.0984400302766781 10.795586222121049
4.365 1.1000387483040588 10.883926402947923
4.375 1.1012982686481587 10.972773424810718
4.385 1.1006108834986932 11.061971360032643
4.3950000000000005 1.104315799685459 11.151878223426996
4.405 1.1059191178169332 11.242325811944667
4.415 1.1076101995641008 11.33332345892808
4.425 1.1073324974674594 11.42471087437808
4.4350000000000005 1.1103439468183482 11.516761464336996
4.445 1.1099487530685204 11.609194721305785
4.455 1.112946472229317 11.70229510930859
4.465 1.1114741368238659 11.795690207721835
4.4750000000000005 1.1118175539625648 11.889533103638788
4.485 1.113134041211671 11.983907492786642
4.495 1.115827556656894 12.078932578171079
4.505 1.1134967887023877 12.174181562307663
4.515 1.1155337884491103 12.27002889480837
4.525 1.1146560211795713 12.366225517477796
4.535 1.1152860514540135 12.462902401448106
4.545 1.1161094866479015 12.56007780760585
4.555 1.1140170491275343 12.657498315433397
4.565 1.115443446877596 12.755472331004345
4.575 1.1148136006273044 12.853820491838777
4.585 1.1131046622743317 12.952447638431131
4.595 1.1132080296244367 13.051514669476923
4.605 1.1114612494812128 13.15085723700189
4.615 1.1107938825161026 13.250571819354445
4.625 1.1105472287559122 13.350696764394204
4.635 1.1118799487340034 13.451375825874191
4.6450000000000005 1.1066369471122106 13.552012988765707
4.655 1.1088353706945022 13.653284717444626
4.665 1.1061515637866617 13.754745852090897
4.675 1.1073185673775934 13.85674994374648
4.6850000000000005 1.1057635154829772 13.959047021172696
4.695 1.1033348282139994 14.061555620528276
4.705 1.102275898152545 14.164402553520917
4.715 1.1032926156954415 14.26778240003603
4.7250000000000005 1.0986566466327 14.37116498568395
4.735 1.0974767712580096 14.47487413684317
4.745 1.0950730182326112 14.578793693988391
4.755 1.0937230170088903 14.683023077499028
4.765 1.090183489462513 14.787352591534331
4.775 1.0871094727400843 14.891825047727176
4.785 1.083836098350601 14.996419648956952
4.795 1.0832416744126745 15.10139427951335
4.805 1.0811061432740603 15.206599403031081
4.815 1.0784536678233612 15.311983686130382
4.825 1.0765613714699478 15.41762047670252
4.835 1.0733730251450473 15.52338144129953
4.845 1.0708580379592336 15.62933150751571
4.855 1.067023064411747 15.735338385376991
4.865 1.0629451153263119 15.841375596598278
4.875 1.0602041850586552 15.94757461955981
4.885 1.058308899125304 16.054019149988317
4.8950000000000005 1.0536758641418427 16.160432028214142
4.905 1.0520140590716764 16.267111616824632
4.915 1.04727327675749 16.37374393003019
4.925 1.0446104490991321 16.480538359323962
4.9350000000000005 1.0419882551138722 16.58749774528769
4.945 1.0366974272327345 16.694345739846824
4.955 1.0353249179714095 16.801484285391762
4.965 1.029442109803712 16.908444482950458
4.9750000000000005 1.0260186937850575 17.015478839995442
4.985 1.023385427570652 17.1226681102233
4.995 1.0188722426581067 17.229813249977102
5.005 1.0152872447536316 17.33700931731267
5.015 1.0117255813337467 17.444256616578677
5.025 1.0096864822542968 17.551715031976197
5.035 1.0051898828430588 17.659121099500695
5.045 1.002319168997432 17.766646268581255
5.055 0.9980108027844702 17.874134104294484
5.065 0.9951856825903721 17.98174215750744
5.075 0.9909255940458969 18.089313080252452
5.085 0.9832712961274757 18.196474147556405
5.095 0.9829786122824811 18.30402508477549
5.105 0.9791285720411561 18.411575717647214
5.115 0.9744547184477369 18.519032712754044
5.125 0.9720577546387436 18.62664492539105
5.135 0.9675524775156803 18.734176790129784
5.1450000000000005 0.9638704669964893 18.841717075166464
5.155 0.9597794840811398 18.949217592050722
5.165 0.9576879521290534 19.056900413446563
5.175 0.9544280191415365 19.164632640684175
5.1850000000000005 0.9503686746205141 19.27232165049208
5.195 0.9474197677985045 19.380091008197912
5.205 0.9411130941522056 19.487555510557243
5.215 0.9379816784199384 19.595074389777594
5.2250000000000005 0.9352781656154512 19.702694921262825
5.235 0.9339418783192933 19.810573438486625
5.245 0.9277163269668963 19.918142636591735
5.255 0.9262720403738957 20.02595429868351
5.265 0.9209151119707688 20.133550786668867
5.275 0.918447516747818 20.24126698490609
5.285 0.917323378375677 20.349259632667263
5.295 0.9122701428147068 20.457064193303733
5.305 0.910742180317332 20.565095087476735
5.315 0.9085657312233846 20.673274503521682
5.325 0.9050053885534574 20.781435861579922
5.335 0.9028598335751014 20.889746451656563
5.345 0.8994762355211936 20.99805602723895
5.355 0.8968938754083048 21.10645913913701
5.365 0.8962938332734591 21.215194700609942
5.375 0.8942140780868413 21.32408274048076
5.385 0.8911541741273791 21.433002331103665
5.3950000000000005 0.8899805489877239 21.542182849497774
5.405 0.8887493554889826 21.651616889859444
5.415 0.8852900723035522 21.761028712808876
5.425 0.8839160949590327 21.870674579446636
5.4350000000000005 0.8831035720215049 21.980623881140502
5.445 0.8811520346553346 22.090734284428095
5.455 0.8802385488272877 22.20113493435281
5.465 0.8781250343956393 22.311674671358936
5.4750000000000005 0.8783255981297263 22.42264465512953
5.485 0.8770475804803762 22.533858320278632
5.495 0.8768595356501537 22.64545394229155
5.505 0.8748307798357031 22.757196970234386
5.515 0.8750592257972554 22.86937562175799
5.525 0.8735842188218723 22.981771679273088
5.535 0.8738410207170372 23.09460812848819
5.545 0.8732589295874562 23.20777723017657
5.555 0.8750426891303521 23.321586883165224
5.565 0.8730898362542764 23.435551753684297
5.575 0.8719267436448881 23.54977420414549
5.585 0.8735697857872283 23.664622800096478
5.595 0.8743397403218598 23.779984628392775
5.605 0.8739072733920679 23.89570193526829
5.615 0.8752182979771133 24.01200673542654
5.625 0.8753376563859286 24.128742086696082
5.635 0.8747782933023461 24.245818003487965
5.6450000000000005 0.8763285583043785 24.36351803678353
5.655 0.8770231736590886 24.481729070539128
5.665 0.8773421719386483 24.60040169891145
5.675 0.8787835013694426 24.71968931334323
5.6850000000000005 0.8808393221488512 24.839677740000106
5.695 0.8831060995858212 24.960398529633828
5.705 0.8848923362915498 25.081788682186847
5.715 0.885177940600415 25.203644081535714
5.7250000000000005 0.8871004123544183 25.326191872810995
5.735 0.8885723341708103 25.449372200885097
5.745 0.8906623754587892 25.5732732252603
5.755 0.8933400885124108 25.697979757605843
5.765 0.8943332481911885 25.823259174522853
5.775 0.8956808069930405 25.949163012291436
5.785 0.8996856085288997 26.076068155308054
5.795 0.901630519993434 26.20368770476274
5.805 0.9023281551340866 26.33184716774581
5.815 0.9071449114323343 26.46113505203389
5.825 0.9084927644770706 26.591060748489227
5.835 0.911004534966198 26.72179337320497
5.845 0.9145773774442145 26.853488955309064
5.855 0.9152958721579179 26.985739363997695
5.865 0.9190668791626923 27.11898864314931
5.875 0.9217874012050729 27.2530884737903
5.885 0.9238482301220688 27.38794602974904
5.8950000000000005 0.9271448240509573 27.523745137278496
5.905 0.9290905326090118 27.660291317943944
5.915 0.9330541324506925 27.797884861867562
5.925 0.9356418650809589 27.9363269282932
5.9350000000000005 0.9352460346322029 28.07517793711646
5.945 0.9401786447230048 28.215232033976484
5.955 0.9427590473387703 28.356143377982892
5.965 0.9446214678976408 28.497807679189155
5.9750000000000005 0.949704354722645 28.64071219890056
5.985 0.9518572802800411 28.784420501942254
5.995 0.9532043240715351 28.928813486759847
6.005 0.9559001278833161 29.074098312957965
6.015000000000001 0.9591249222880042 29.22035918351171
6.025 0.9610022408368898 29.36739401128199
6.035 0.9665838544425976 29.515774159101547
6.045 0.9669671517085885 29.664705481330554
6.055 0.9697671263480427 29.81456263047675
6.065 0.9743166640591585 29.9656205343253
6.075 0.9757415846173203 30.117398627227768
6.085 0.9787861079655783 30.270151952889403
6.095 0.9811510167002978 30.42377804745231
6.105 0.9836017475403566 30.57829365006052
6.115 0.9856141036551277 30.733633021524277
6.125 0.9889098645769977 30.890002002610405
6.135 0.9915784298002993 31.04730533236121
6.1450000000000005 0.9941453610438145 31.205530431056825
6.155 0.9971923138528909 31.36475744369558
6.165 0.9992725822793835 31.524835515069885
6.175 1.001838515622529 31.68584570322422
6.1850000000000005 1.003199748791373 31.847597283348506
6.195 1.0073930746323043 32.010550632668746
6.205 1.0086666125172932 32.17423715656073
6.215 1.0099828269112634 32.33866598546725
6.2250000000000005 1.0135190010313926 32.50420193131136
6.235 1.0164682204094142 32.67075338531421
6.245 1.0195822203954543 32.838351390982105
6.255 1.0202484875696323 33.00659644071013
6.265000000000001 1.0221765408514571 33.17569883903412
6.275 1.0247882695556945 33.3457749483784
6.285 1.0262357084802727 33.5166345511792
6.295 1.0293087703573787 33.68855156072817
6.305 1.0320956226675926 33.86148215089706
6.315 1.0330960703106395 34.03512988663815
6.325 1.0347540751513737 34.20960757964762
6.335 1.0367305348766358 34.384971737220354
6.345 1.0387109271923338 34.56122601153566
6.355 1.0389692083223452 34.73808025740459
6.365 1.0409502098010464 34.915829793933604
6.375 1.0441260201185503 35.094682287975665
6.385 1.0444281672865652 35.27414824633641
6.3950000000000005 1.046629058621366 35.45455616206527
6.405 1.0481991772565786 35.635800223473815
6.415 1.0496702024251627 35.8178658218506
6.425 1.0508331304448806 36.000701826717446
6.4350000000000005 1.0527423100456779 36.184440629497544
6.445 1.0534327947379603 36.36887182420282
6.455 1.0550301256382213 36.55415630953111
6.465 1.05652961398703 36.74027947677211
6.4750000000000005 1.0587100493525161 36.927364181109745
6.485 1.0592277129959156 37.11511895851302
6.495 1.0595608653654107 37.303512461128
6.505 1.061994433593798 37.49292055885627
6.515000000000001 1.0619929164051993 37.68291117884835
6.525 1.0631414011249127 37.873691582157925
6.535 1.0637497881453422 38.06516671072926
6.545 1.0637713153089416 38.25723217316498
6.555 1.064409551994707 38.45000057826106
6.565 1.066999188706995 38.64382801329448
6.575 1.0667781822295044 38.83820611548892
6.585 1.0668616656439882 39.03319118924458
6.595 1.0672031554235377 39.22883152445835
6.605 1.068963894700592 39.425389367741445
6.615 1.0689351825094746 39.62253754488925
6.625 1.0693410393228648 39.82035731684296
6.635 1.0698144992176364 40.018862582165944
6.6450000000000005 1.0704797750551809 40.21809047132763
6.655 1.0713101329636006 40.41807344812358
6.665 1.0737632415618452 40.619117179496214
6.675 1.071824907493984 40.82040063572179
6.6850000000000005 1.0721150745733712 41.02234229543822
6.695 1.071166333985704 41.224709332348205
6.705 1.071911917452316 41.42782263079741
6.715 1.0715999357609385 41.63148294423086
6.7250000000000005 1.0728034633184087 41.8359797076914
6.735 1.0738974873736464 42.04129425449652
6.745 1.071768397739241 42.2468106855397
6.755 1.0707174831653354 42.452734841587834
6.765000000000001 1.0712269652989266 42.65936741856132
6.775 1.0714817916242947 42.86666063381094
6.785 1.0721053384568784 43.074687226531125
6.795 1.0699331785950075 43.282904746958444
6.805 1.0711741617194335 43.49197778989279
6.815 1.0708153533406908 43.70159551447729
6.825 1.0705232887077623 43.91177151492505
6.835 1.0691664845363649 44.122296704093074
6.845 1.0691815657135322 44.33344134309199
6.855 1.0673838876707706 44.54484731565995
6.865 1.06750224819292 44.756894042425806
6.875 1.0676138763215122 44.96958121904405
6.885 1.067303988048225 45.182825657032474
6.8950000000000005 1.0656006270354614 45.39634867498023
6.905 1.063889018987825 45.61014753375581
6.915 1.0643976550020668 45.82466861057222
6.925 1.0633766172960124 46.03960420949881
6.9350000000000005 1.0629415827058195 46.25507282339853
6.945 1.0601382614198895 46.470593379373845
6.955 1.0593400098184182 46.68657228358669
6.965 1.0589637081478942 46.90309576799842
6.9750000000000005 1.0583066680133661 47.120106716618054
6.985 1.056909549800284 47.3374530568427
6.995 1.056833936119058 47.55540657152411
7.005 1.0545432092093727 47.77350992692172
7.015000000000001 1.0540445583908737 47.992133007424094
7.025 1.053064062068043 48.211175885404565
7.035 1.0513709309945396 48.43048963319381
7.045 1.0489489338493534 48.649920656449325
7.055 1.0504089901637028 48.870281361701636
7.065 1.0479067361533039 49.0907407771876
7.075 1.045937112336509 49.31140917836859
7.085 1.0451530346655258 49.53253592778605
7.095 1.0435793173364112 49.75395343108827
7.105 1.0414662799085599 49.97554593454836
7.115 1.0420758912632022 50.19789271404871
7.125 1.0412380452019339 50.42068566786279
7.135 1.0391767135256653 50.64366214357989
7.1450000000000005 1.0379276507611928 50.86699531527065
7.155 1.0361986489169122 51.09058099443545
7.165 1.0354640569674627 51.3146331377873
7.175 1.0336485667612276 51.53891719438893
7.1850000000000005 1.0331390559179063 51.763716005077455
7.195 1.0306583900314137 51.98859972888695
7.205 1.0286724945739758 52.2136744818534
7.215 1.0284178404282758 52.43931856866329
7.2250000000000005 1.027592121779721 52.66540690224979
7.235 1.0251553565214047 52.89158390258235
7.245 1.0227386668482654 53.117851902997735
7.255 1.0219863336976605 53.34457804875191
7.265000000000001 1.0221782531003993 53.571972340032424
7.275 1.0196756852288005 53.799434805288875
7.285 1.0185585612463974 54.027273140448436
7.295 1.0168123293929394 54.25534572219542
7.305 1.016085801674203 54.48388060870549
7.315 1.0141422299593927 54.71260327799035
7.325 1.0122310467208961 54.941519512669295
7.335 1.01104856487155 55.170793052017636
7.345 1.0090625668318984 55.40024057702745
7.355 1.0105479339234034 55.63065197246924
7.365 1.008213842191289 55.86115670132852
7.375 1.0072870831366127 56.0920753436037
7.385 1.0042511874375564 56.32292276842332
7.3950000000000005 1.0039736143308575 56.55433181693561
7.405 1.0028317739953108 56.7861032425845
7.415 1.0025640359060597 57.018439031061305
7.425 1.001514349723005 57.25115799379409
7.4350000000000005 0.9998544829681153 57.48411749297471
7.445 0.9992338600057227 57.71755907954526
7.455 0.9969399623349362 57.951090854603294
7.465 0.996333221053534 58.1851070503861
7.4750000000000005 0.9942718770475357 58.4192651738328
7.485 0.9943446016636797 58.65406739930643
7.495 0.9923061638027932 58.8890147988245
7.505 0.9921100195979868 59.12454299596665
7.515000000000001 0.9912000829333819 59.36048267173851
7.525 0.9893410320039805 59.596606985356736
7.535 0.9891192367899582 59.83330621253557
7.545 0.9883983345903107 60.07046115026965
7.555 0.9872459648859035 60.30796791440659
7.565 0.9858817337619902 60.545774765768755
7.575 0.9855481267630933 60.784130052406205
7.585 0.9842849146489104 61.02280875962655
7.595 0.984783289268234 61.262238395055
7.605 0.9840670872224055 61.50212434973476
7.615 0.9836193875062681 61.74253215995551
7.625 0.9825997599784417 61.98332192704303
7.635 0.9820057360641696 62.22459773804495
7.6450000000000005 0.9807941300972564 62.46620752036176
7.655 0.9798832929842717 62.70822482478116
7.665 0.9791119289598517 62.950683839745224
7.675 0.9791723718788204 63.193790913263136
7.6850000000000005 0.9776295545561277 63.437147856567684
7.695 0.9773174199686665 63.681060640952765
7.705 0.977333230766106 63.925611744752295
7.715 0.9763723193031526 64.17055697934177
7.7250000000000005 0.976485987630321 64.41616620003427
7.735 0.9742528257235357 64.66184856571834
7.745 0.9760072198547038 64.9086101497658
7.755 0.975127057497841 65.15578625592457
7.765000000000001 0.9756745113824697 65.40373936277948
7.775 0.973903361912238 65.6518802524138
7.785 0.9736285769529153 65.90058966429727
7.795 0.9746913039294531 66.15021059874059
7.805000000000001 0.9731135405704392 66.40006730151015
7.815 0.9734528433629944 66.65065200493288
7.825 0.9737392765400051 66.90195233218849
7.835 0.973557230174226 67.1538482686769
7.845 0.9737092883855903 67.40642706084736
7.855 0.9725384909524237 67.65934570839713
7.865 0.9731210931096979 67.91306063202599
7.875 0.9731173613734124 68.16742016492877
7.885 0.9733369931339227 68.42248365498637
7.8950000000000005 0.9720228243510154 68.67784926125508
7.905 0.9737562648153701 68.93431873808296
7.915 0.9736697669162495 69.19141466474964
7.925 0.9743831058764434 69.44934947622757
7.9350000000000005 0.9718175001806338 69.70725476593861
7.945 0.9726111558509782 69.96602166512075
7.955 0.9736328103183364 70.22571286948249
7.965 0.9744630214225599 70.48627937897565
7.9750000000000005 0.9740560531632515 70.7473914831624
7.985 0.9736076730616633 71.00903832696224
7.995 0.9751244912538959 71.27174957751518
8.005 0.9749648356436416 71.53507530687823
8.015 0.9756841880220639 71.79925412396696
8.025 0.9759484329990135 72.06416428953848
8.035 0.9770505348076647 72.33003497771332
8.045 0.9762590294595521 72.59635194164922
8.055 0.9770357807196495 72.86354380492284
8.065 0.9770652125602219 73.13140756735211
8.075 0.9768781431713107 73.39988459120127
8.085 0.9784163302625338 73.66945077544797
8.095 0.9784364954154386 73.9396897718955
8.105 0.9786781886555443 74.21066376900224
8.115 0.9790542452562945 74.48241121608089
8.125 0.9794823648101159 74.7549479392279
8.135 0.9808717932356453 75.02854348941588
8.145 0.9806761058439325 75.30275737349261
8.155 0.9808703937113795 75.57769946112012
8.165000000000001 0.9818933465357012 75.85360369454253
8.175 0.9825323575996644 76.1303641606175
8.185 0.9822858045611617 76.40773251129595
8.195 0.9826324745923449 76.68587715252688
8.205 0.9849859920098293 76.96536883844745
8.215 0.9835905739126791 77.24514529273962
8.225 0.9850553220058792 77.52602095091669
8.235 0.9852990439786045 77.8076496677435
8.245000000000001 0.9854806190887174 78.09001480552125
8.255 0.9869635356604725 78.37349121966012
8.265 0.9874395786383141 78.6577919098999
8.275 0.9868713900589451 78.94261699191746
8.285 0.9887401328364386 79.22867153880725
8.295 0.9889899640865389 79.51548949217855
8.305 0.9894395243691526 79.80313009846434
8.315 0.9900616094419128 80.09164509684172
8.325 0.9912769368017845 80.38120948746554
8.335 0.9918776217860134 80.67164583539233
8.345 0.9913406348112345 80.96262189394943
8.355 0.9922312168221834 81.25455776496509
8.365 0.9926097436311135 81.54730452076541
8.375 0.9938892364914418 81.8411298862317
8.385 0.9951625444194545 82.13603467295879
8.395 0.9944519122450056 82.4314321992587
8.405 0.9945353696411884 82.72755874070552
8.415000000000001 0.9960734807204161 83.02484941363329
8.425 0.9954739775390652 83.32266772471668
8.435 0.9968599777859034 83.62160908028584
8.445 0.9971225518208715 83.92133859598476
8.455 0.9977339548803095 84.22196259074931
8.465 0.9968872433599507 84.52304239751679
8.475 0.998197849622542 84.82523074151226
8.485 0.9990093967982124 85.12837889796346
8.495000000000001 1.0000308224621246 85.43255270751051
8.505 1.0010260508528452 85.73774648898902
8.515 1.0002895979839657 86.04343331438889
8.525 1.0012452376980905 86.35013128562707
8.535 1.0012790644952891 86.65755959085054
8.545 1.0016735865044442 86.96583012871642
8.555 1.0037466985672703 87.27546211708237
8.565 1.0024515449730902 87.58541793182361
8.575000000000001 1.0045912071503293 87.89676106665517
8.585 1.0030856571917646 88.20836310026864
8.595 1.0035982750016526 88.52085109120142
8.605 1.003829824494006 88.83413890893672
8.615 1.0058704744857483 89.14879365543808
8.625 1.0048701594810865 89.46386566318216
8.635 1.00585252150353 89.77997742548483
8.645 1.0060778944741027 90.09689276822142
8.655 1.0059354889136114 90.41449674925886
8.665000000000001 1.0074109292211135 90.73330199224337
8.675 1.0067291913972025 91.05262726467926
8.685 1.0082353571441567 91.37316800197655
8.695 1.007209192020951 91.69412031935312
8.705 1.0082821132630513 92.01615398552963
8.715 1.007806021180034 92.33877555078544
8.725 1.009292950207788 92.6626150156841
8.735 1.0085492910069092 92.98695807523781
8.745000000000001 1.0093895198703422 93.31231501975975
8.755 1.0097786301645155 93.63854219695024
8.765 1.0081647814309074 93.96499246129738
8.775 1.0093264495143963 94.29256505998696
8.785 1.0103376906026476 94.62121363065665
8.795 1.009388830302866 94.950301477083
8.805 1.0093066198677458 95.2801112372001
8.815 1.0098234252299765 95.61083982423148
8.825000000000001 1.0103652760328319 95.94249707876658
8.835 1.010064280197341 96.27480736287151
8.845 1.0101937098067861 96.60791301001026
8.855 1.010730085585634 96.94194955653339
8.865 1.009891507864317 97.27646321942989
8.875 1.010470524056248 97.61192421651057
8.885 1.0101790794613938 97.94804463447478
8.895 1.0102341043508865 98.28494042994748
8.905 1.0113250098221107 98.62295876265996
8.915000000000001 1.0110668636577262 98.96165021191821
8.925 1.01148268433115 99.30124151705644
8.935 1.010519600789836 99.64127017041586
8.945 1.0118126397846798 99.98249643354625
8.955 1.0112562737725395 100.32429801603709
8.965 1.011639338095307 100.66699316454597
8.975 1.0114432700044869 101.01038669049156
8.985 1.01123304586937 101.35447433300445
8.995000000000001 1.0112390150522972 101.69933035302
9.005 1.01159449789874 102.04507506948752
9.015 1.010870830640068 102.39134022120648
9.025 1.0102897302007965 102.73817450386666
9.035 1.0104325981330653 103.08582697567005
9.045 1.0109698362249846 103.43443469470678
9.055 1.0103629473889137 103.78360393599185
9.065 1.0101722046220252 104.13347875761833
9.075000000000001 1.0097276251693659 104.48397160878895
9.085 1.0094849387826643 104.8351528953552
9.095 1.0091951940367871 105.18700668977374
9.105 1.0093435714367591 105.53968648493232
9.115 1.0090433041079279 105.89303625171296
9.125 1.0087196695694782 106.24704817850801
9.135 1.0092626507183724 106.60202742501065
9.145 1.008773665267133 106.95761191843484
9.155 1.0091358891976576 107.3141024561487
9.165000000000001 1.0090803507472246 107.67135254527209
9.175 1.0095787852330609 108.0295595048228
9.185 1.0081168923801664 108.38802789938991
9.195 1.0086349643041808 108.74746188902591
9.205 1.0077996586687747 109.10737979213822
9.215 1.008975547775102 109.46850098618688
9.225 1.0076654791775792 109.82993647037665
9.235 1.007729195305079 110.19217888282836
9.245000000000001 1.0076669311434494 110.55518378871784
9.255 1.0067061753686588 110.9186275645642
9.265 1.0079256391866112 111.283298370499
9.275 1.0054319021169618 111.6478526111129
9.285 1.0052577202187358 112.01313008426142
9.295 1.006371563142922 112.37960039906342
9.305 1.0056821812354566 112.74660809115686
9.315 1.0056949757411695 113.11440972599034
9.325000000000001 1.005456556857214 113.48291410058793
9.335 1.0053927964941276 113.85218583819508
9.345 1.0050064613795706 114.22210695319838
9.355 1.0042968694363272 114.59255844548831
9.365 1.0053869885735376 114.96420531566383
9.375 1.0037307740099726 115.33603276570926
9.385 1.0056138642882397 115.70935294173562
9.395 1.0049350779517634 116.08321658202215
9.405 1.0049956913879345 116.45789912159297
9.415000000000001 1.004385802072313 116.83315099500604
9.425 1.0036044484954925 117.20890788336553
9.435 1.0029947626165903 117.58523380122331
9.445 1.002946079948026 117.96233956036279
9.455 1.002515187926565 118.34008191427776
9.465 1.0024688874283287 118.71860623990993
9.475 1.0032452481211716 119.09822459550584
9.485 1.0022142082086913 119.47825371958922
9.495000000000001 1.002760195373842 119.85929206197206
9.505 1.0024232875259753 120.24100514409301
9.515 1.0017814382660613 120.62327690787417
9.525 1.001810487049977 121.00636371586349
9.535 1.0012084430526966 121.39002462581722
9.545 1.0018523757679094 121.7747379715036
9.555 1.0020925382025818 122.16035026002487
9.565 1.0005663043584045 122.5461815777305
9.575000000000001 1.001324913873471 122.9331132152628
9.585 1.0014777017188135 123.32091265067383
9.595 1.000081239799065 123.7089798109655
9.605 1.0003563486836915 124.0979632619385
9.615 1.0014389015341134 124.48817891691617
9.625 1.0005744908467504 124.878869152028
9.635 1.0004787105169766 125.2703341559504
9.645 1.0006776918327827 125.66269018966173
9.655 1.0003516140130113 126.05573212254377
9.665000000000001 1.0010672756058714 126.44987041872486
9.675 0.999830795953849 126.84433690360781
9.685 1.000162588429826 127.23975041832561
9.695 0.9993795072494415 127.63567067262817
9.705 0.999400212047169 128.03241631898402
9.715 0.9997130122789823 128.43010442995063
9.725 0.9994530957579625 128.82850806329898
9.735 0.9994428129929066 129.22772734955097
9.745000000000001 1.0004909309063492 129.62818675286388
9.755 1.0002801064415157 130.0293838959677
9.765 1.0000465910052831 130.4313101556717
9.775 0.9991960329338498 130.83371748826897
9.785 0.9998456414987522 131.23721073488304
9.795 0.9992055297306773 131.64127027186512
9.805 0.9997326458560774 132.04636885325826
9.815 0.9988531074164327 132.45193704377283
9.825000000000001 0.9995003267014907 132.85859540917383
9.835 0.9988252456592391 133.26580677507064
9.845 1.0001345358996183 133.674381519009
9.855 0.9990525779441911 134.08334379952706
9.865 1.000003760682577 134.493526617374
9.875 0.9997524239295454 134.90443814601747
9.885 0.9991458367711498 135.31593250127165
9.895 0.9995431391593746 135.7284237994533
9.905 1.0000646204034602 136.14196489567914
9.915000000000001 1.0002472692050204 136.55641710866553
9.925 0.9998700410835344 136.97154913385668
9.935 1.0002814195161451 137.38768926139934
9.945 0.9990576033082462 137.80415737474917
9.955 0.9991008545377431 138.22148151785447
9.965 1.0002983584525456 138.64014570564095
9.975 1.0003056633436525 139.05965364780403
9.985 1.0000533382396721 139.47989709787566
9.995000000000001 0.9997429179385745 139.90085201235902
10.005 1.0001348298888617 140.3228150291971
10.015 1.0006299726414227 140.74583129335724
10.025 1.0002304634604144 141.16952351464354
10.035 1.0011910563712056 141.5944691428534
10.045 1.0004331002537685 142.01993977153927
10.055 1.0010193647779524 142.44650777802502
10.065 1.0005435455982774 142.87372150972044
10.075000000000001 1.0006485988118399 143.30182951758488
10.085 1.0013164004635247 143.73107406270353
10.095 1.0013100048646073 144.16116753612252
10.105 1.0008139702075833 144.59190003910095
10.115 1.001074278511529 145.02359773135052
10.125 1.000979892609839 145.45610864171903
10.135 1.0015782373393034 145.88973336468698
10.145 1.0016222305208566 146.32423329134176
10.155 1.0020048775067294 146.759756537755
10.165000000000001 1.0022881075159706 147.19626130678185
10.175 1.002279307507829 147.63362149687526
10.185 1.001559987587716 148.07152728166338
10.195 1.001893377341 148.51043944416617
10.205 1.002432240865422 148.9504495931588
10.215 1.0031845967367925 149.39165339539616
10.225 1.0029281084313577 149.8336084301983
10.235 1.0029760701366615 150.27644952376806
10.245000000000001 1.0028350370198886 150.72009399486842
10.255 1.0027603929951574 151.16457187251322
10.265 1.00297241267843 151.61001118580614
10.275 1.0036265042132662 152.05660986246
10.285 1.0030185393301307 152.503807191828
10.295 1.0029905979450573 152.95186207268853
10.305 1.0035116556771726 153.40102102700416
10.315 1.0036469506700942 153.8511128082474
10.325000000000001 1.0040268436251163 154.30224840202183
10.335 1.0039725292494541 154.75423383714002
10.345 1.0044794954863372 155.20732304136257
10.355 1.0049824072224018 155.66151591324413
10.365 1.0054658262000689 156.11680535133215
10.375 1.0053484759442983 156.57292048581402
10.385 1.0053993294478392 157.02993841820404
10.395 1.0049587437030025 157.48763626425367
10.405 1.0058216930354693 157.94660892303875
10.415000000000001 1.0052864147432423 158.40621949544533
10.425 1.004758203904074 158.8664711263951
10.435 1.0060560109050842 159.32820178765843
10.445 1.0061664545688496 159.79086862367635
10.455 1.0060449652790802 160.25436582276507
10.465 1.0052785852503365 160.71839634116685
10.475 1.0053894248493642 161.18336536765963
10.485 1.006123313802992 161.6495626416363
10.495000000000001 1.0059706111097875 162.1165787134487
10.505 1.0063593238387019 162.5846659891205
10.515 1.0051932241781827 163.053101439018
10.525 1.0063116313732625 163.52295048438964
10.535 1.0059510046573858 163.99352408113742
10.545 1.0062719958293116 164.4651418962141
10.555 1.0068010446056808 164.93790304565462
10.565 1.0067953833575054 165.4115577611083
10.575000000000001 1.0058820312342287 165.88567904220125
10.585 1.0067314718091496 166.3610985708446
10.595 1.0057966556740672 166.8369745201811
10.605 1.006891589638129 167.3142682244113
10.615 1.007636056522108 167.79281604572
10.625 1.0067757888682316 168.27185660659575
10.635 1.0072338438230721 168.7520176757264
10.645 1.0061412020137745 169.23256029592332
10.655 1.00639907113456 169.71412958371016
10.665000000000001 1.0067367341480074 170.19676510434195
10.675 1.0067581291912944 170.68031640840397
10.685 1.0070013641300923 171.16489113366896
10.695 1.0074542525690426 171.65059164256076
10.705 1.0069803725280986 172.13697196365604
10.715 1.0066891060251562 172.62412045935483
10.725 1.0073609968663537 173.11250440543725
10.735 1.0068913737148266 173.6015714101063
10.745000000000001 1.0066875591285487 174.09145082130394
10.755 1.0064796399265017 174.582141117288
10.765 1.0067347606962387 175.07386893594108
10.775 1.0077169538651902 175.5669913790356
10.785 1.0074116249774596 176.0608798662991
10.795 1.0065209581449235 176.55524719457003
10.805 1.0069511208334259 177.05074253834684
10.815 1.0069013731156036 177.54713094089922
10.825000000000001 1.0064158634646925 178.04419793826568
10.835 1.0063864087809937 178.5421691538309
10.845 1.0062463527247063 179.04058147124616
10.855 1.007595760295432 179.53923696279315
10.865 1.0062888395972935 180.03678280116907
10.875 1.0068105345498248 180.53412178428383
10.885 1.0063813797133898 181.0307824769341
10.895 1.0060034174897392 181.52678882117476
10.905 1.0057698807577085 182.02221061416117
10.915000000000001 1.006779139737178 182.5176579723902
10.925 1.00658106823415 183.01253467792716
10.935 1.0061541201799713 183.50672680314452
10.945 1.0064614803188974 184.00059337734652
10.955 1.0066003033894302 184.4940497917523
10.965 1.0060018939915443 184.98673316199114
10.975 1.0060112457007746 185.47893972020654
10.985 1.0059053648040939 185.97061143736013
10.995000000000001 1.005866945824113 186.46177966130927
11.005 1.0071342029748453 186.95307966798663
11.015 1.0041051746136123 187.4424148033294
11.025 1.0055335346224619 187.93195638813327
11.035 1.004973504123747 188.42073426210806
11.045 1.0055514955745508 188.90930020835714
11.055 1.0056456893362482 189.39741713971054
11.065 1.0048683853645306 189.8846606934643
11.075000000000001 1.0051493990839793 190.3715425802265
11.085 1.0052571243162907 190.85797697383637
11.095 1.0052686794731582 191.34391558438864
11.105 1.0052047754261493 191.8293202669244
11.115 1.0051255344959038 192.31418199245192
11.125 1.0054003808805558 192.79866977561886
11.135 1.0043345482564296 193.28213626800553
11.145 1.0046490983210403 193.765244644131
11.155 1.0045726981127752 194.2478050922304
11.165000000000001 1.0050151008363026 194.7300649458586
11.175 1.004328843766766 195.21148104509868
11.185 1.004105258742248 195.69227394088688
11.195 1.0028787465620064 196.17196245886575
11.205 1.0041679409443285 196.6517481653394
11.215 1.003690523415696 197.13078487113745
11.225 1.0040076243294502 197.60945017081332
11.235 1.0032806782492982 198.08724483201559
11.245000000000001 1.0031924820853748 198.5644717825677
11.255 1.002726347301613 199.04094983389516
11.265 1.0021996887247193 199.51664905843796
11.275 1.00267894571121 199.9920452537223
11.285 1.001731271792285 200.46646043363077
11.295 1.0026803666804442 200.94079120766798
11.305 1.00194896968252 201.4142407925064
11.315 1.0013809122757382 201.88688537661963
11.325000000000001 1.001826719869019 202.35920187348452
11.335 1.0017835837211777 202.83095786260154
11.345 1.0016673736248551 203.3021173294374
11.355 1.0015616154793971 203.7726836218313
11.365 1.0011198125858733 204.24249746427387
11.375 1.0020233073822669 204.71218824863348
11.385 1.0007113136786563 205.1807160174512
11.395 1.0005127344677351 205.64860120598857
11.405 1.0010270835832147 206.11617535076618
11.415000000000001 1.0001885108057396 206.58280500193854
11.425 1.0014104330384226 207.04944956617237
11.435 1.0002020098386664 207.51497483954512
11.445 1.0009714829381282 207.98029995331424
11.455 1.0011045096341076 208.4451268492427
11.465 1.0002979967087247 208.90901797621817
11.475 1.0001854999212507 209.37229401568572
11.485 1.00104673407391 209.83540388108722
11.495000000000001 1.0011039942124595 210.29797342716432
11.505 1.00057195288557 210.75972894352645
11.515 0.9996238465900298 211.22047757492055
11.525 1.0002331129212705 211.68093565533536
11.535 1.0000455052383996 212.14073441630921
11.545 1.0002041965024955 212.6000314087232
11.555 1.0005879439807692 213.0589279804865
11.565 0.9995570879050236 213.5167740440583
11.575000000000001 0.9995334417593644 213.97402987521642
11.585 0.9998813512940921 214.43086357555734
11.595 0.9994690344919378 214.88692615926826
11.605 0.9998785756444956 215.34259096000793
11.615 0.9999743501552377 215.79771300663867
11.625 0.9991587849651444 216.25187625531038
11.635 0.9989573689258896 216.70535877872922
11.645 0.999576351169128 217.158531069983
11.655 0.999349906948739 217.61100792583758
11.665000000000001 0.9984182957678738 218.06246907062675
11.675 0.9991706152874388 218.51367436011114
11.685 0.9991334566241772 218.96426517078817
11.695 0.9988415752085782 219.41412514022912
11.705 0.9987382884376034 219.86333776125952
11.715 0.998859812330341 220.31200245426177
11.725 0.9988004182018531 220.76003623365878
11.735 0.9981949869209104 221.20719288182352
11.745000000000001 0.9987736245757456 221.6540011528715
11.755 0.9988786878880733 222.10024709008047
11.765 0.99912311429637 222.54599105581576
11.775 0.9987794946076864 222.99096907884373
11.785 0.9983855813472737 223.43515752144847
11.795 0.9990974771944241 223.87904648551807
11.805 0.9977572228660945 224.32172292676302
11.815 0.998771836422741 224.76423015047084
11.825000000000001 0.9987837227720867 225.20612157651053
11.835 0.9984671877523266 225.64725040767237
11.845 0.9986507234633771 226.08783597747532
11.855 0.9981139213326035 226.52755902476258
11.865 0.999408808515137 226.96722434736088
11.875 0.9986307331942686 227.40591798792687
11.885 0.998099402707143 227.84374748278827
11.895 0.99896463422737 228.28132355712862
11.905 0.9988808642579471 228.7182283410191
11.915000000000001 0.9986355559932459 229.15438970394263
11.925 0.9995799789288055 229.59032513913488
11.935 0.9983642770569052 230.0250910660245
11.945 0.999290365322685 230.45961868835113
11.955 0.9986256064710393 230.8932143968009
11.965 0.9989661399792411 231.32631320625094
11.975 0.998135620909748 231.7584060437843
11.985 0.998560038028815 232.19003475046563
11.995000000000001 0.9993842887248341 232.62136965978127
12.005 0.9976680453028653 233.05131319103486
12.015 0.9977562428405792 233.48064234492568
12.025 0.9991874642321018 233.90993233935896
12.035 0.9991976545858172 234.33857001436675
12.045 0.9985933873316515 234.76629048565306
12.055 0.9984188970620422 235.19327666641874
12.065 0.9987308212371699 235.6197348032411
12.075000000000001 0.9998243546040045 236.04599602683723
12.085 0.9990925181481976 236.47128019158373
12.095 0.9992644069082642 236.89597067464305
12.105 0.9993805593124447 237.3200419107607
12.115 0.9985987801759449 237.74311163873946
12.125 1.000505165634649 238.16631629437205
12.135 1.0001637866494735 238.58870235506518
12.145 0.9999971065876945 239.01034225567227
12.155000000000001 1.0009120990819405 239.43168988064997
12.165000000000001 1.0005194904932337 239.85219273675094
12.175 1.0004971262968745 240.27200502701842
12.185 1.0003355944184797 240.6910667948725
12.195 0.9991522477402504 241.10894921383593
12.205 0.9999098390043766 241.5264626614636
12.215 1.0002176637466886 241.9434169201692
12.225 1.0005398219150314 242.35981584505356
12.235 1.0010141017372618 242.77572050862227
12.245000000000001 0.9999018186477598 243.19047047548997
12.255 1.0006219144526753 243.60482438404836
12.265 1.0015151408889442 244.01885111838857
12.275 1.0008673191130015 244.43191175041105
12.285 1.001432622987414 244.84450530955826
12.295 1.000957403415474 245.2562013461498
12.305 1.0001246790576344 245.6668520484795
12.315 1.0020473986394558 246.0775863450801
12.325000000000001 1.0006764915421997 246.48705211879948
12.335 1.0019852436355812 246.89634421120863
12.345 1.0009680453036924 247.30451062144232
12.355 1.0029441280313007 247.71276955350066
12.365 1.0023283261370037 248.12006329629043
12.375 1.0025508620319417 248.52673109648265
12.385 1.0016842342097603 248.93232992470263
12.395 1.0025547984231584 249.33756150621494
12.405000000000001 1.0022994298826302 249.7419686087235
12.415000000000001 1.002389909171811 250.14568920337288
12.425 1.0031160183667491 250.54897701502136
12.435 1.0023033708024454 250.95121178225284
12.445 1.003652251517887 251.353258868148
12.455 1.0029252424815807 251.75428456181865
12.465 1.0028322109466972 252.15454126929873
12.475 1.002509826978854 252.55393606295473
12.485 1.0030283026534388 252.95280210251988
12.495000000000001 1.0032920017586615 253.35103580817866
12.505 1.003015025191246 253.74842088988646
12.515 1.0039744798188912 254.14544501474953
12.525 1.0029437351642325 254.54131951538716
12.535 1.0032452206920688 254.93656908793318
12.545 1.0027686262876585 255.3308856306516
12.555 1.0033362105772372 255.724677984496
12.565 1.0036292876419286 256.11783607689813
12.575000000000001 1.0031919582324347 256.51007219745253
12.585 1.003833550709155 256.90180634655223
12.595 1.0038193274647385 257.2927804369925
12.605 1.004648957001125 257.68332083139205
12.615 1.0036173646329243 258.0727024711245
12.625 1.0039607925550567 258.4614576610171
12.635 1.0038943976246335 258.84942580673464
12.645 1.0048021639363134 259.236981053516
12.655000000000001 1.003238751556864 259.6231690671985
12.665000000000001 1.0041874696267112 260.00895564572954
12.675 1.0041934285496077 260.39397618009286
12.685 1.0042428093230809 260.77824558335345
12.695 1.004428058024675 261.16181397147795
12.705 1.0042037640599228 261.54452328638564
12.715 1.0044399319269595 261.92654731080944
12.725 1.0044401688510312 262.3077944359892
12.735 1.0036925506367598 262.6879796906507
12.745000000000001 1.0058244218000705 263.0681910177924
12.755 1.0048529301473015 263.4472527207248
12.765 1.0054767521870658 263.82576517677165
12.775 1.005198422359696 264.2033868059417
12.785 1.0046961344718812 264.5800323907547
12.795 1.0042185047171155 264.95571025006006
12.805 1.0055646964521516 265.331100297512
12.815 1.0049625376442355 265.7054729092664
12.825000000000001 1.0049941626425756 266.07906294060894
12.835 1.0063339512529466 266.452353899215
12.845 1.004742383446581 266.82425692904604
12.855 1.0062918586561682 267.1959330166322
12.865 1.0051944230953422 267.56640246547147
12.875 1.0047980701931383 267.9359231598136
12.885 1.005109584847806 268.30475379557413
12.895 1.00545091890534 268.6729030973919
12.905000000000001 1.0059924898644985 269.04044197836566
12.915000000000001 1.0046862936275742 269.4066942784787
12.925 1.005598239824916 269.772467230332
12.935 1.0051388764780944 270.13725997841044
12.945 1.0062994804544991 270.5016581898919
12.955 1.0055249877920207 270.8649591250385
12.965 1.0052430633022718 271.22733991441623
12.975 1.0053117872742552 271.5889254422271
12.985 1.0058389992371914 271.9498784332251
12.995000000000001 1.0056375034630727 272.3099354234204
13.005 1.0049218154247457 272.6689113691703
13.015 1.0050897242355936 273.0271206620484
13.025 1.0059833082164777 273.38481936027426
13.035 1.005323531636963 273.74145324594537
13.045 1.0061110208491 274.09753392821943
13.055 1.0046636161066247 274.45226929043963
13.065 1.0050421187322764 274.8063032317532
13.075000000000001 1.0051633812605998 275.15954302741125
13.085 1.0060580332379983 275.51225792406046
13.095 1.0047309684751748 275.8636676745986
13.105 1.005280959033118 276.2144277434015
13.115 1.005728589599064 276.5644998840414
13.125 1.0055971931820622 276.9136805891076
13.135 1.0064385813421992 277.262305351634
13.145 1.0058865178428038 277.6098895480184
13.155000000000001 1.0065986620544303 277.95686819312726
13.165000000000001 1.0061128548293115 278.302826460508
13.175 1.0047286895348946 278.64745533539497
13.185 1.0059156269790057 278.9916351953814
13.195 1.005359437712754 279.3347673877624
13.205 1.0051522952545275 279.6769699995994
13.215 1.0048349813502289 280.01820427722754
13.225 1.0053833098036402 280.3587622933747
13.235 1.0050074439310068 280.6983291492266
13.245000000000001 1.0055473925940561 281.0372124392335
13.255 1.0055268698713797 281.3752211342602
13.265 1.00542627386752 281.7123267270218
13.275 1.0045882093652003 282.0482810723706
13.285 1.00454438883983 282.38334885169905
13.295 1.0048884394045159 282.7176574854357
13.305 1.0044909386580234 283.050958625497
13.315 1.005120953442517 283.3835913156946
13.325000000000001 1.0042272317801322 283.7150498309134
13.335 1.0039222180023724 284.04552783801256
13.345 1.0037984080159648 284.37508367036014
13.355 1.0056821930528403 284.7043731981346
13.365 1.003781494370564 285.0321555941094
13.375 1.003313023777217 285.3588989456751
13.385 1.00469827874306 285.68520444178455
13.395 1.0048362604170116 286.01066395161484
13.405000000000001 1.003575993407359 286.3348238950537
13.415000000000001 1.0041769378243695 286.65828434512673
13.425 1.003618576310998 286.98067014205265
13.435 1.0037550142460152 287.30220315560365
13.445 1.0042268542621076 287.62298858877597
13.455 1.0042747992066559 287.9428888762177
13.465 1.0033628462853013 288.26159733650854
13.475 1.002238702798268 288.57904670870914
13.485 1.0040637770244667 288.8961688052584
13.495000000000001 1.0031788419773033 289.21210516159334
13.505 1.0033518822875591 289.5271879229872
13.515 1.0042424877655691 289.84163977074627
13.525 1.003880024371975 290.15506616832397
13.535 1.0027364768477187 290.46722292706283
13.545 1.003902106698638 290.77882719257525
13.555 1.0026595583832847 291.08912986269087
13.565 1.0027729801085938 291.39854992333744
13.575000000000001 1.0039029522863407 291.70739821534306
13.585 1.0032356930753965 292.015119709238
13.595 1.0022979248637958 292.3216312165343
13.605 1.003022090794718 292.62743947682867
13.615 1.0038139564741453 292.93256204085736
13.625 1.0020076757384075 293.2362084151416
13.635 1.0039484955544693 293.5395122963827
13.645 1.002259958302219 293.841375292247
13.655000000000001 1.0030713042298014 294.1425494469319
13.665000000000001 1.002588117829071 294.44264407889204
13.675 1.0034172297388766 294.74204997112076
13.685 1.0028677497540934 295.04035381886723
13.695 1.0016954112241108 295.33737027415987
13.705 1.0011127264989153 295.6332741342489
13.715 1.0024272062841697 295.9286237764411
13.725 1.0013458200078276 296.2227113885255
13.735 1.0011846863622444 296.5158067243441
13.745000000000001 1.002888991064756 296.80845274093343
13.755 1.0021424672412989 297.09993168399257
13.765 1.001249914930371 297.39020094481924
13.775 1.0015218992287989 297.679597030942
13.785 1.0022400942798142 297.96824624682665
13.795 1.002250794863664 298.255942447369
13.805 1.001673516516916 298.5425157048633
13.815 1.0019927476437052 298.828221063047
13.825000000000001 1.001724970065979 299.1128894057804
13.835 1.0009627218081139 299.39637951559297
13.845 1.0011609222326205 299.6789622622563
13.855 1.0023489082776982 299.96091399386347
13.865 1.0016666940776635 300.24170646356134
13.875 1.001550142285209 300.52149732365797
13.885 1.001692843300416 300.80035728438344
13.895 1.0025802295268826 301.07849096907114
13.905000000000001 1.0014707637297549 301.35534294248384
13.915000000000001 1.001694586463664 301.63128095854836
13.925 1.000094118660534 301.90580213274666
13.935 1.0020253439279594 302.1798738862643
13.945 1.0023317113687777 302.45304791432386
13.955 1.001461507187441 302.7250024195718
13.965 1.0012061295034693 302.99590377892935
13.975 1.001150454129315 303.26580464463825
13.985 1.0007214533039337 303.53460316153615
13.995000000000001 1.00115800926719 303.80253012690594
14.005 1.0019127107403232 304.06966781622054
14.015 1.0029696494366556 304.3360933309797
14.025 1.0026508992075909 304.6014388157824
14.035 1.0022838268451815 304.8656904735252
14.045 1.0023958774745414 305.12897318834234
14.055 1.0003253930060136 305.39071397426653
14.065 1.0007975480845848 305.65157803475495
14.075000000000001 1.0012188887690443 305.91154954370717
14.085 1.0021218644770655 306.1707505447357
14.095 1.001070458626537 306.4286739938721
14.105 1.0017385108225285 306.68576160170227
14.115 1.001502095668093 306.94177912160313
14.125 1.0009971167754628 307.19665695930905
14.135 1.0002095563077051 307.4503227814594
14.145 1.0005071388816769 307.70305060274137
14.155000000000001 1.001203355040958 307.95493842327676
14.165000000000001 1.0014426991647876 308.20586866324686
14.175 1.0012561816038184 308.4557328732624
14.185 0.9996919589267511 308.7041873428968
14.195 1.0013404376881712 308.95202875399787
14.205 1.002117541056226 309.1990372657936
14.215 1.00157015847929 309.4448844867146
14.225 1.0017929063695545 309.68975809804607
14.235 1.0016539481871423 309.9335679113192
14.245000000000001 1.0014885484174478 310.1763061149411
14.255 1.0012539099293964 310.41795465091343
14.265 1.001370447508866 310.658596707729
14.275 1.0015620369826261 310.89824831437636
14.285 1.0016026951197297 311.1368714273262
14.295 1.0014438258987612 311.37441694513296
14.305 1.0015235365781263 311.6109398533125
14.315 1.001601641884843 311.8464379199828
14.325000000000001 1.0013053985066438 312.08082166682954
14.335 1.0017773361911315 312.3142690360085
14.345 1.0011198749227381 312.5465153461382
14.355 1.0013028062341833 312.7777543655248
14.365 1.0012873401426479 313.00793841292926
14.375 1.0004332407935295 313.2368739229857
14.385 1.000285021114633 313.46472179439445
14.395 1.0019975412266002 313.6919025347526
14.405000000000001 1.001764564780212 313.91797179585507
14.415000000000001 1.001887856293287 314.1430084038645
14.425 1.0022109242938602 314.3670550689434
14.435 1.001027194545313 314.58977416761866
14.445 1.001633885421635 314.81156297561495
14.455 1.0019097388498386 315.03234560877314
14.465 1.0009126796831989 315.2518406465811
14.475 1.0019567504137021 315.4704939590014
14.485 1.001950926780302 315.6880736327621
14.495000000000001 1.0020068542502911 315.9045913345553
14.505 1.0013931703031134 316.11990128165166
14.515 1.0007152987701742 316.33398937256555
14.525 1.0023209638892765 316.547341448326
14.535 1.0023356520849627 316.75961542168915
14.545 1.0034842340423213 316.971048481231
14.555 1.0024951745172086 317.1811883657003
14.565 1.0021310336914822 317.3901658433448
14.575000000000001 1.0017091219458287 317.5979680300694
14.585 1.0028149503552335 317.80490941890207
14.595 1.000935385440872 318.0103730962772
14.605 1.001905438082931 318.2149433090817
14.615 1.0022578303647034 318.41849081081006
14.625 1.001506933683235 318.6207902824443
14.635 1.002702939386997 318.82223281128967
14.645 1.0020545550083801 319.02244557089296
14.655000000000001 1.0028033692226297 319.2217059238478
14.665000000000001 1.0026346852108203 319.41982923231586
14.675 1.0031428449803734 319.61694717755756
14.685 1.001872608070961 319.8127094548953
14.695 1.002495686872781 320.00748503571145
14.705 1.0037485475928392 320.2013925142957
14.715 1.0017114165839374 320.39379549876605
14.725 1.0023980428599975 320.5852169606225
14.735 1.0018153998852792 320.77541271124676
14.745000000000001 1.003946606477109 320.9648945626604
14.755 1.0023320338403445 321.1529532823577
14.765 1.0032496276935141 321.3400630446932
14.775 1.0022950687704706 321.52587303775266
14.785 1.0010804111638933 321.7103357832011
14.795 1.003139974497559 321.8940519627668
14.805 1.0037304885329172 322.0767478660691
14.815 1.0041789877398777 322.25839478290663
14.825000000000001 1.0031058035543858 322.4387164666613
14.835 1.0039344579112508 322.61805338143483
14.845 1.0045780181828807 322.79636910688777
14.855 1.0017726737244985 322.9730522076732
14.865 1.0033121721861893 323.1488687279636
14.875 1.0021934342325503 323.32335068185097
14.885 1.0039150644686496 323.49699020020154
14.895 1.0034706014726356 323.6694094855573
14.905000000000001 1.0037968581765297 323.84073940761647
14.915000000000001 1.0050069428699713 324.0111273723199
14.925 1.0036523876244243 324.1801370459275
14.935 1.004467621943789 324.3481327330985
14.945 1.005204144381327 324.5150977961675
14.955 1.0049027376192627 324.68085764077284
14.965 1.0044773770999056 324.84539096253826
14.975 1.0033484586294388 325.00858261641037
14.985 1.0037686764014149 325.17068368959315
14.995000000000001 1.0051248604686385 325.33184158803346
15.005 1.005371220528809 325.4918748188003
