0.005 0.0 0.0
0.015 0.0 0.0
0.025 0.0 0.0
0.035 0.0 0.0
0.045 0.0 0.0
0.055 0.0 0.0
0.065 0.0 0.0
0.075 0.0 0.0
0.085 0.0 0.0
0.095 0.0 0.0
0.105 0.0 0.0
0.115 0.0 0.0
0.125 0.0 0.0
0.135 0.0 0.0
0.145 0.0 0.0
0.155 0.0 0.0
0.165 0.0 0.0
0.17500000000000002 0.0 0.0
0.185 0.0 0.0
0.195 0.0 0.0
0.20500000000000002 0.0 0.0
0.215 0.0 0.0
0.225 0.0 0.0
0.23500000000000001 0.0 0.0
0.245 0.0 0.0
0.255 0.0 0.0
0.265 0.0 0.0
0.275 0.0 0.0
0.28500000000000003 0.0 0.0
0.295 0.0 0.0
0.305 0.0 0.0
0.315 0.0 0.0
0.325 0.0 0.0
0.335 0.0 0.0
0.34500000000000003 0.0 0.0
0.355 0.0 0.0
0.365 0.0 0.0
0.375 0.0 0.0
0.385 0.0 0.0
0.395 0.0 0.0
0.405 0.0 0.0
0.41500000000000004 0.0 0.0
0.425 0.0 0.0
0.435 0.0 0.0
0.445 0.0 0.0
0.455 0.0 0.0
0.465 0.0 0.0
0.47500000000000003 0.0 0.0
0.485 0.0 0.0
0.495 0.0 0.0
0.505 0.0 0.0
0.515 0.0 0.0
0.525 0.0 0.0
0.535 0.0 0.0
0.545 0.0 0.0
0.555 0.0 0.0
0.5650000000000001 0.0 0.0
0.5750000000000001 0.0 0.0
0.585 0.0 0.0
0.595 0.0 0.0
0.605 0.0 0.0
0.615 0.0 0.0
0.625 0.0 0.0
0.635 0.0 0.0
0.645 0.0 0.0
0.655 0.0 0.0
0.665 0.0 0.0
0.675 0.0 0.0
0.685 0.0 0.0
0.6950000000000001 0.0 0.0
0.705 0.0 0.0
0.715 0.0 0.0
0.725 0.0 0.0
0.735 0.0 0.0
0.745 0.0 0.0
0.755 0.0 0.0
0.765 0.0 0.0
0.775 0.0 0.0
0.785 0.0 0.0
0.795 0.0 0.0
0.805 0.0 0.0
0.8150000000000001 0.0 0.0
0.8250000000000001 0.0 0.0
0.835 0.0 0.0
0.845 0.0 0.0
0.855 0.0 0.0
0.865 0.0 0.0
0.875 0.0 0.0
0.885 0.0 0.0
0.895 0.0 0.0
0.905 0.0 0.0
0.915 0.0 0.0
0.925 0.0 0.0
0.935 0.0 0.0
0.9450000000000001 0.0 0.0
0.9550000000000001 0.0 0.0
0.965 0.0 0.0
0.975 0.0 0.0
0.985 0.0 0.0
0.995 0.0 0.0
1.0050000000000001 0.0 0.0
1.0150000000000001 0.0 0.0
1.025 0.0 0.0
1.035 0.0 0.0
1.045 0.0 0.0
1.055 0.0 0.0
1.065 0.0 0.0
1.075 0.0 0.0
1.085 0.0 0.0
1.095 0.0 0.0
1.105 0.0 0.0
1.115 0.0 0.0
1.125 0.0 0.0
1.135 0.0 0.0
1.145 0.0 0.0
1.155 0.0 0.0
1.165 0.0 0.0
1.175 0.0 0.0
1.185 0.0 0.0
1.195 0.0 0.0
1.205 0.0 0.0
1.215 0.0 0.0
1.225 0.0 0.0
1.235 0.0 0.0
1.245 0.0 0.0
1.2550000000000001 0.0 0.0
1.2650000000000001 0.0 0.0
1.2750000000000001 0.0 0.0
1.285 0.0 0.0
1.295 0.0 0.0
1.305 0.0 0.0
1.315 0.0 0.0
1.325 0.0 0.0
1.335 0.0 0.0
1.345 0.0 0.0
1.355 0.0 0.0
1.365 0.0 0.0
1.375 0.0 0.0
1.385 0.0 0.0
1.395 0.0 0.0
1.405 0.0 0.0
1.415 0.0 0.0
1.425 0.0 0.0
1.435 0.0 0.0
1.445 0.0 0.0
1.455 0.0 0.0
1.465 0.0 0.0
1.475 0.0 0.0
1.485 0.0 0.0
1.495 0.0 0.0
1.5050000000000001 0.0 0.0
1.5150000000000001 0.0 0.0
1.5250000000000001 0.0 0.0
1.5350000000000001 0.0 0.0
1.545 0.0 0.0
1.555 0.0 0.0
1.565 0.0 0.0
1.575 0.0 0.0
1.585 0.0 0.0
1.595 0.0 0.0
1.605 0.0 0.0
1.615 0.0 0.0
1.625 0.0 0.0
1.635 0.0 0.0
1.645 0.0 0.0
1.655 0.0 0.0
1.665 0.0 0.0
1.675 0.0 0.0
1.685 0.0 0.0
1.695 0.0 0.0
1.705 0.0 0.0
1.715 0.0 0.0
1.725 0.0 0.0
1.735 0.0 0.0
1.745 0.0 0.0
1.7550000000000001 0.0 0.0
1.7650000000000001 0.0 0.0
1.7750000000000001 0.0 0.0
1.7850000000000001 0.0 0.0
1.795 0.0 0.0
1.805 0.0 0.0
1.815 0.0 0.0
1.825 0.0 0.0
1.835 0.0 0.0
1.845 0.0 0.0
1.855 0.0 0.0
1.865 0.0 0.0
1.875 0.0 0.0
1.885 0.0 0.0
1.895 0.0 0.0
1.905 0.0 0.0
1.915 0.0 0.0
1.925 0.0 0.0
1.935 0.0 0.0
1.945 0.0 0.0
1.955 0.0 0.0
1.965 0.0 0.0
1.975 0.0 0.0
1.985 0.0 0.0
1.995 0.0 0.0
2.005 0.0 0.0
2.015 0.0 0.0
2.025 0.0 0.0
2.035 0.0 0.0
2.045 0.0 0.0
2.055 0.0 0.0
2.065 0.0 0.0
2.075 0.0 0.0
2.085 0.0 0.0
2.095 0.0 0.0
2.105 0.0 0.0
2.115 0.0 0.0
2.125 0.0 0.0
2.1350000000000002 0.0 0.0
2.145 0.0 0.0
2.1550000000000002 0.0 0.0
2.165 0.0 0.0
2.1750000000000003 0.0 0.0
2.185 0.0 0.0
2.195 0.0 0.0
2.205 0.0 0.0
2.215 0.0 0.0
2.225 0.0 0.0
2.235 0.0 0.0
2.245 0.0 0.0
2.255 0.0 0.0
2.265 0.0 0.0
2.275 0.0 0.0
2.285 0.0 0.0
2.295 0.0 0.0
2.305 0.0 0.0
2.315 0.0 0.0
2.325 0.0 0.0
2.335 0.0 0.0
2.345 0.0 0.0
2.355 0.0 0.0
2.365 0.0 0.0
2.375 0.0 0.0
2.3850000000000002 0.0 0.0
2.395 0.0 0.0
2.4050000000000002 0.0 0.0
2.415 0.0 0.0
2.4250000000000003 0.0 0.0
2.435 0.0 0.0
2.445 0.0 0.0
2.455 0.0 0.0
2.465 0.0 0.0
2.475 0.0 0.0
2.485 0.0 0.0
2.495 0.0 0.0
2.505 0.0 0.0
2.515 0.0 0.0
2.525 0.0 0.0
2.535 0.0 0.0
2.545 0.0 0.0
2.555 0.0 0.0
2.565 0.0 0.0
2.575 0.0 0.0
2.585 0.0 0.0
2.595 0.0 0.0
2.605 0.0002467265244615933 8.333305555648148e-7
2.615 0.0005713006251369294 2.777768518549383e-6
2.625 0.00048596241832066537 4.444429629679011e-6
2.6350000000000002 0.0009645618050459745 7.77775185193827e-6
2.645 0.0011168291493271702 1.1666627777907413e-5
2.6550000000000002 0.0017418216787504718 1.777771851871604e-5
2.665 0.002907484195624465 2.8055462037348734e-5
2.6750000000000003 0.004601659798742047 4.444429629679021e-5
2.685 0.007973678439178542 7.305531203784863e-5
2.695 0.009605114594073712 0.00010777741851971546
2.705 0.014263205779800819 0.0001597216898165904
2.715 0.02218390702730214 0.00024111030741008727
2.725 0.0314161785181685 0.00035722103148544485
2.735 0.04842171046668599 0.0005374982083393084
2.745 0.06147570096781203 0.0007680529953789332
2.755 0.08367758811183731 0.0010841630527898098
2.765 0.11234621621184855 0.0015116616277944651
2.775 0.1479925548995876 0.0020788819592823687
2.785 0.1933425203998355 0.0028252683602169085
2.795 0.25418647059718413 0.003813598399116698
2.805 0.3179188186339161 0.005058594249129473
2.815 0.39116428526472563 0.006601366884330601
2.825 0.4906398257951712 0.008550249276947376
2.835 0.577038807867908 0.010858574915865298
2.845 0.7159265036671352 0.013742731968678682
2.855 0.8372464905529595 0.017139387313151733
2.865 0.9926902061965038 0.021194929350223945
2.875 1.1726252547088216 0.02601907993637881
2.8850000000000002 1.3426031212193843 0.031581005841086446
2.895 1.536178830646461 0.037989040036550674
2.9050000000000002 1.7484228389188021 0.045332904445911704
2.915 1.9969998790274335 0.05377870962657799
2.9250000000000003 2.1961541990536952 0.06313062289793613
2.935 2.4609686106249575 0.07368197661561096
2.945 2.6936995777215333 0.08530999341108401
2.955 2.9560809121588782 0.09815745058621252
2.965 3.2354993561650693 0.11231462561785566
2.975 3.4568710471057527 0.12754263041343203
2.985 3.6614287904741283 0.14378035406548925
2.995 3.9112143795465806 0.16124224030365863
3.005 4.132692198606963 0.17981634505664357
3.015 4.354772820454372 0.19951905715871587
3.025 4.555229386029517 0.22026565467005146
3.035 4.719872302900765 0.24190447142954477
3.045 4.886772085689732 0.26445634070109053
3.055 5.011144880528258 0.2877343186633828
3.065 5.153576210856957 0.31183090500809535
3.075 5.238039141660251 0.3364824895028152
3.085 5.3101000130682285 0.36163601676883733
3.095 5.399066546029269 0.38737704207652796
3.105 5.434795424684249 0.4134561218129218
3.115 5.484449171577305 0.43994325574469745
3.125 5.463120695721622 0.4664970561209225
3.1350000000000002 5.474319874042462 0.49327585574714267
3.145 5.4528221984973575 0.520119932933545
3.1550000000000002 5.417525835646199 0.5469601212440367
3.165 5.333704979379578 0.5735528103795041
3.1750000000000003 5.281336219830572 0.6000510553853718
3.185 5.2557067189989235 0.6265870780430809
3.1950000000000003 5.145715839545434 0.6527311575628337
3.205 5.027539493555596 0.6784349607723648
3.215 4.910569622388017 0.7036976543411492
3.225 4.812927717300302 0.728612293514583
3.235 4.69735904367794 0.7530797119565155
3.245 4.578828286862209 0.7770774097419895
3.255 4.454815411223363 0.8005692758801998
3.265 4.323228839575229 0.8235075327526716
3.275 4.186451516221607 0.845856347145523
3.285 4.07054772402055 0.8677193298244533
3.295 3.9119696261701233 0.8888587038043063
3.305 3.818691712548757 0.909619467935086
3.315 3.6689767870301737 0.9296871788205057
3.325 3.5414359100665243 0.9491743360855563
3.335 3.3802816445795663 0.9678867737107241
3.345 3.2672760421993945 0.9860822686146344
3.355 3.1606130564878416 1.0037891540361188
3.365 3.0302680090681733 1.0208671526650288
3.375 2.9042517887170303 1.0373323755587651
3.3850000000000002 2.8015878160045133 1.053309822300607
3.395 2.6698667648338383 1.0686261601350264
3.4050000000000002 2.5878754379766287 1.0835597214675865
3.415 2.4514767100920163 1.0977893962575616
3.4250000000000003 2.3584439302605764 1.1115593503577044
3.435 2.2982366519644057 1.1250562498125092
3.4450000000000003 2.181928113815645 1.1379448179617189
3.455 2.092640100683244 1.1503778320738751
3.465 2.0012305645669133 1.162336681099943
3.475 1.9210971991386718 1.173883031501001
3.485 1.8472716498478394 1.1850496609455654
3.495 1.7706032082812646 1.1958143472854879
3.505 1.7067716904815733 1.2062504236096687
3.515 1.6562847449077913 1.2164356674366055
3.525 1.5742730590096847 1.226171746094139
3.535 1.5142416857200593 1.2355897702562662
3.545 1.4505983355702639 1.2446630733452453
3.555 1.3965223152661896 1.2534474885083293
3.565 1.3510214909769538 1.261993571132499
3.575 1.2993697427125068 1.2702590991362976
3.585 1.2539610481091668 1.2782804612873078
3.595 1.2043730247238318 1.286027657685559
3.605 1.1601248518156109 1.293531799338407
3.615 1.1111369861044211 1.3007589974699607
3.625 1.084883697751394 1.307854529373749
3.6350000000000002 1.0467375963230587 1.314738395316438
3.645 1.0067248577046837 1.321395595347992
3.6550000000000002 0.9805858858997166 1.3279155736147281
3.665 0.9451605081375276 1.3342344414407048
3.6750000000000003 0.9229572315048352 1.340438587426892
3.685 0.8907880720321822 1.3464591229139877
3.6950000000000003 0.8696629996455709 1.3523688254372193
3.705 0.8439145447702734 1.3581346395511704
3.715 0.814871782994762 1.3637321208928834
3.725 0.7949368053195243 1.3692221025929427
3.735 0.7785238812710044 1.3746276401300235
3.745 0.7565445001461699 1.3799087336374825
3.755 0.7447623951700195 1.385135382881996
3.765 0.7273070356543091 1.390266754666333
3.775 0.7059529798847972 1.3952739601978938
3.785 0.675425655971989 1.4000900552553657
3.795 0.6710570141145702 1.4049003169989454
3.805 0.6527320101151376 1.4096039124313977
3.815 0.6450965014630171 1.4142769524101528
3.825 0.6308562879473322 1.4188708259861407
3.835 0.6145547002759678 1.423369422101947
3.845 0.607964710158716 1.4278430183010864
3.855 0.597791956257994 1.432264670228923
3.865 0.5840548894799208 1.4366071557539861
3.875 0.5792602492832798 1.440936307990154
3.8850000000000002 0.5614174159042469 1.4451537939318715
3.895 0.558722293999342 1.4493726687578357
3.9050000000000002 0.5557911878605397 1.4535909880300875
3.915 0.5437068283185819 1.4577387519819875
3.9250000000000003 0.536810013304747 1.4618548493727779
3.935 0.5261916794095726 1.4659101136330095
3.9450000000000003 0.5257866348785448 1.4699828778349266
3.955 0.5158525578088113 1.4739989755590435
3.9650000000000003 0.5139638026994826 1.4780206288201827
3.975 0.5095090491553245 1.4820275599082133
3.985 0.5063225287959587 1.4860294910128815
3.995 0.5012032537648837 1.4900108666305325
4.005 0.48840444559556456 1.493910020300011
4.015 0.49608390145140263 1.4978902848102418
4.025 0.48507856106334135 1.501801660661225
4.035 0.4833970378934434 1.5057188698260753
4.045 0.48732012458323387 1.5096874677085343
4.055 0.48695601647850295 1.5136727322020866
4.065 0.4877379224424939 1.5176841077197163
4.075 0.47311339202705543 1.5215943724632965
4.085 0.4823717214622136 1.5256007479975922
4.095 0.48208214471333827 1.5296243456967153
4.105 0.4762918207332132 1.5336190546032398
4.115 0.4785939535352915 1.537652652269009
4.125 0.48752641682820835 1.5417815273949773
4.135 0.47632559425401866 1.5458351249940818
4.1450000000000005 0.4819235165027745 1.5499562223682226
4.155 0.4844233362215234 1.5541187084932784
4.165 0.4838694367203848 1.5582964723451813
4.175 0.4867732489220698 1.5625195138239323
4.1850000000000005 0.4860111581978732 1.5667561663684222
4.195 0.489532138155221 1.5710439298536627
4.205 0.4979695595327933 1.5754264152453816
4.215 0.4956095186548816 1.5798089006371057
4.225 0.5053031993886379 1.584298330116785
4.235 0.5075873107537305 1.5888294261242617
4.245 0.5116096624127751 1.5934180219400496
4.255 0.5113655340841878 1.598026062135469
4.265 0.5123453154616044 1.602664657784589
4.275 0.525403323598089 1.6074438085207494
4.285 0.5261454186372447 1.6122521258263536
4.295 0.5375546066232944 1.617187664930123
4.305 0.541534602911021 1.6221829260570133
4.315 0.5450823076031361 1.6272342981079815
4.325 0.5526789580591895 1.6323798365117215
4.335 0.5577645283822312 1.6375967635663984
4.345 0.559959547518483 1.6428584126942423
4.355 0.5774595932489288 1.6483095056350314
4.365 0.5802064016392063 1.653811709516575
4.375 0.5893076423232966 1.659425857469412
4.385 0.5913539378218771 1.6650852830490974
4.3950000000000005 0.595426931878123 1.6708097084121123
4.405 0.6088045264044302 1.6766894110353256
4.415 0.6181037562306327 1.6826860577131606
4.425 0.6210992441358782 1.6887390930919173
4.4350000000000005 0.6246005699284861 1.6948537949318045
4.445 0.6335722317667333 1.7010843297189129
4.455 0.6538738473083671 1.7075434748551106
4.465 0.6583387008354799 1.7140759530801828
4.4750000000000005 0.6706998778696904 1.7207609307969165
4.485 0.6856911474460952 1.7276259079136707
4.495 0.6888032838673681 1.7345528292683645
4.505 0.6992508592703273 1.7416161390573277
4.515 0.7130487942811343 1.7488508371638778
4.525 0.7155428174498853 1.756143035078802
4.535 0.7387945866456608 1.7637055098705405
4.545 0.7424906001159076 1.7713393733132279
4.555 0.7471692270028814 1.7790551809271924
4.565 0.7509963434926167 1.78684459940689
4.575 0.7795005892683082 1.7949651278940153
4.585 0.7870683997482055 1.8032003782209396
4.595 0.7890914778127224 1.8114928505793804
4.605 0.8058539176161761 1.8199983777832276
4.615 0.8167251502555034 1.8286561267018486
4.625 0.8337567137705675 1.8375327637797019
4.635 0.8368393666093152 1.8464807895084916
4.6450000000000005 0.8481909448974176 1.8555893702576538
4.655 0.8633264509885277 1.8649004503318276
4.665 0.8805043690264904 1.8744376407634056
4.675 0.8859854464530572 1.8840753864153679
4.6850000000000005 0.8924033980104188 1.8938245205849213
4.695 0.910354596346543 1.9038122650702278
4.705 0.9223719471796471 1.913975008972198
4.715 0.9247145522256681 1.9242069193102915
4.7250000000000005 0.9511522384086766 1.9347760507465441
4.735 0.9665053949016773 1.9455612925735393
4.745 0.9797377888169269 1.9565404226431085
4.755 0.989024471275761 1.967670385543219
4.765 0.9947342661264225 1.9789117369608997
4.775 1.0123814861679803 1.990400587553625
4.785 1.0182700991967353 2.00200471553987
4.795 1.0308246059261614 2.013801065107605
4.805 1.0362558303257956 2.0257090809697695
4.815 1.0504917014004922 2.037830985007857
4.825 1.0732069511188074 2.0502664991116917
4.835 1.0761491527360174 2.0627878462627787
4.845 1.0925859926782082 2.075553081489787
4.855 1.1043087025197744 2.088508593860241
4.865 1.1086632393099451 2.101568828103906
4.875 1.1288475758630778 2.114921561372582
4.885 1.1425663127001995 2.1284920716931173
4.8950000000000005 1.1504804125389108 2.1422125815136424
4.905 1.1492041079829625 2.1559739245314105
4.915 1.1557373790813927 2.1698699893222995
4.925 1.1724471761946136 2.1840243865854347
4.9350000000000005 1.1862393616787519 2.198403505321718
4.945 1.1860339588244655 2.212838457205231
4.955 1.1950948949258318 2.2274425751915503
4.965 1.2095521068029123 2.2422830812787433
4.9750000000000005 1.212451276278723 2.2572191426029486
4.985 1.2262772030024116 2.272386314267963
4.995 1.2274563689280367 2.2876290412366473
5.005 1.245192156629984 2.303153989486812
5.015 1.253567773868043 2.31884588162492
5.025 1.2516556411137427 2.3345763847454393
5.035 1.266061638669876 2.3505513314956525
5.045 1.2679327584393663 2.3666135001773205
5.055 1.2857447865260354 2.38296594566913
5.065 1.288178166038915 2.399414224174818
5.075 1.2868770064309702 2.4159108358528036
5.085 1.2933462872180748 2.432555780369645
5.095 1.3022703189401068 2.449381557617074
5.105 1.3084376894688179 2.4663534454885165
5.115 1.3084461449117377 2.483391999804463
5.125 1.3122692521677772 2.500547220398166
5.135 1.3158410277522579 2.517816329501163
5.1450000000000005 1.3230647334412662 2.535247938062449
5.155 1.3256861851852766 2.5527820462821253
5.165 1.3272104959585471 2.5704044875406256
5.175 1.3341522756874813 2.5881877615963957
5.1850000000000005 1.3451617835000356 2.6061871460429256
5.195 1.3468123147724593 2.624278196850514
5.205 1.3434550235990819 2.6423936920210944
5.215 1.3579669598481934 2.6607752974157517
5.2250000000000005 1.3459665631119002 2.679064403118713
5.235 1.3485271322382615 2.697458508471656
5.245 1.344079652833208 2.715862058237619
5.255 1.3517417714409745 2.7344411629738747
5.265 1.3368069394178168 2.7528849903833383
5.275 1.3421127409112041 2.7714724284251693
5.285 1.3472489639428635 2.7902018104383584
5.295 1.339915662027939 2.8088998036672725
5.305 1.3467871999883823 2.827764740784153
5.315 1.345774121804668 2.8466866221556777
5.325 1.343223944139955 2.865643781187372
5.335 1.3378401979934993 2.884595940235731
5.345 1.3418836706678128 2.9036767099665113
5.355 1.3296561788607395 2.922654424485213
5.365 1.3216404481132553 2.941588250261329
5.375 1.3249952316003415 2.9606409645300475
5.385 1.32342753573276 2.9797420119709956
5.3950000000000005 1.2991020326386569 2.998561671461043
5.405 1.3136133531043448 3.01766216334834
5.415 1.300277236079868 3.036638766759714
5.425 1.293857174022907 3.0555914813617835
5.4350000000000005 1.2909519100124043 3.074571418095312
5.445 1.2869862660623397 3.0935627436797617
5.455 1.273850965800074 3.112429347457693
5.465 1.2708004276090747 3.131319840044979
5.4750000000000005 1.267689183275781 3.150233110334067
5.485 1.2555951343168854 3.169034436551872
5.495 1.2585334817621363 3.1879485401715355
5.505 1.2448677926512697 3.206725422026287
5.515 1.2326507024378988 3.2253856376033894
5.525 1.2340614795648865 3.2441350195498466
5.535 1.230699404661478 3.2629010681074653
5.545 1.218060076210554 3.281541561528069
5.555 1.2160840067965892 3.3002189992700237
5.565 1.2084736728820407 3.3188464371785833
5.575 1.1994555946924579 3.337401375328796
5.585 1.189832286005021 3.3558735359771217
5.595 1.1838000580956087 3.374317918940329
5.605 1.1826175146387563 3.3928098017451287
5.615 1.1737534120123359 3.411228629237895
5.625 1.161593467653661 3.4295216238167825
5.635 1.1478777932785553 3.4476629522345887
5.6450000000000005 1.1396812357308004 3.4657387253153997
5.655 1.137940309958102 3.483850887163686
5.665 1.1305526694721888 3.501909160302806
5.675 1.11783793317421 3.519827433908613
5.6850000000000005 1.1105069510242231 3.537690985474531
5.695 1.1028419515431014 3.555493703909867
5.705 1.098018855174752 3.5732808668415625
5.715 1.0881477522269818 3.590969974544589
5.7250000000000005 1.0770617694498572 3.6085401937549553
5.735 1.0649604395643975 3.6259737467542554
5.745 1.0594976465678405 3.643378410960967
5.755 1.0502075318275228 3.6606905754759835
5.765 1.04782672870882 3.6780235732549453
5.775 1.0440504259752155 3.6953540710421557
5.785 1.0335733382405967 3.712570124766407
5.795 1.023926760010335 3.7296845121628674
5.805 1.0155825916710601 3.746718066495519
5.815 1.0103431086935912 3.763722176481801
5.825 1.0020084282158361 3.780644064519909
5.835 0.9905940506371058 3.7974306752312317
5.845 0.999786003454539 3.8144311741184698
5.855 0.9887872481999764 3.8313022289927283
5.865 0.9752130163256615 3.8479985622271333
5.875 0.9701658393714978 3.8646651733384303
5.885 0.9664203545263014 3.881324006697871
5.8950000000000005 0.9578285293799386 3.897890895919303
5.905 0.9518021838608156 3.9144094519685053
5.915 0.94788477390257 3.9309157858363317
5.925 0.9520802850998595 3.947551285940232
5.9350000000000005 0.9356764512179089 3.9639553979265436
5.945 0.9306995793993557 3.980327287798014
5.955 0.9296380950413425 3.9967355664370965
5.965 0.9218966036327588 4.01306190090482
5.9750000000000005 0.9130604979285848 4.0292860134911415
5.985 0.9135642450736705 4.045573459199545
5.995 0.9053014265966193 4.061767571885768
6.005 0.9079997613833848 4.078064184230462
6.015000000000001 0.89889008170052 4.094251074718593
6.025 0.8936794123888974 4.1103976875632595
6.035 0.8869200016486921 4.12647541174865
6.045 0.8865996813700215 4.142600635775701
6.055 0.8784675630441313 4.158630860119411
6.065 0.880109600125505 4.174744139741858
6.075 0.8712563183095455 4.190747975284725
6.085 0.8714397253671219 4.206807921751653
6.095 0.8642859072814544 4.222788424038844
6.105 0.8563356998947905 4.23867392664265
6.115 0.8528058892964417 4.254545818180758
6.125 0.8590385984648714 4.270586042491052
6.135 0.8454753321672273 4.2864246008069005
6.1450000000000005 0.8463911960834868 4.302332047782106
6.155 0.8423467810650141 4.318215050394283
6.165 0.8467821149197555 4.334233608110226
6.175 0.842314617830242 4.3502193881576074
6.1850000000000005 0.8389219841290615 4.366192390469822
6.195 0.8377717938546463 4.382195114905227
6.205 0.8321890956542536 4.398142561746947
6.215 0.8253086824884858 4.414009175524949
6.2250000000000005 0.8351172058110877 4.430116066279754
6.235 0.8243149773750799 4.446065735336361
6.245 0.8211620046290485 4.462005404426317
6.255 0.8285949423960899 4.4781409061969235
6.265000000000001 0.8299189929756173 4.494353907709091
6.275 0.821067863549405 4.510445242960173
6.285 0.8220316994205606 4.526606855754771
6.295 0.8231261094576314 4.5428415238614805
6.305 0.8221597326992255 4.559108691859854
6.315 0.8195579635691607 4.575375859858257
6.325 0.8235252548176608 4.591773582977071
6.335 0.8117908275032537 4.607988806704085
6.345 0.8183279269053685 4.624386252045919
6.355 0.8125209042285406 4.64071869760437
6.365 0.813468848031033 4.6571216984833095
6.375 0.816027286917784 4.6736280323510835
6.385 0.8173062826726097 4.690212143737336
6.3950000000000005 0.8206885409634487 4.706917088054119
6.405 0.8183591633505835 4.72362675457736
6.415 0.8239875221246278 4.740503920542414
6.425 0.8201672530985564 4.757355253260184
6.4350000000000005 0.8201674231020298 4.774259085803002
6.445 0.8217625073557497 4.791248473616199
6.455 0.8302819931850967 4.8084673051090565
6.465 0.8252318087386795 4.825634470107408
6.4750000000000005 0.8194633867339304 4.842734413107607
6.485 0.828748910995313 4.860081577505849
6.495 0.8254845089708569 4.877413741954103
6.505 0.8298068037219104 4.894890350365396
6.515000000000001 0.8314558101074131 4.912455569592403
6.525 0.8298268274602753 4.9300402331990965
6.535 0.831470990749964 4.947713785398319
6.545 0.8358502320751582 4.965534837105945
6.555 0.8366789676060958 4.983428110795057
6.565 0.8341837982089738 5.001322495591689
6.575 0.8401945641266338 5.01940076866424
6.585 0.8396396020972399 5.037522097148714
6.595 0.8414323232063332 5.055737314209086
6.605 0.8434278237442334 5.074051142051982
6.615 0.8473460486244304 5.0925058027587555
6.625 0.8547717428569633 5.111178518294116
6.635 0.857166654128418 5.129960122355505
6.6450000000000005 0.8590756369241669 5.1488403371991796
6.655 0.8598477704035409 5.167794440685447
6.665 0.8634758806070262 5.1868857659364584
6.675 0.8763600767731551 5.206320145599649
6.6850000000000005 0.867108814496564 5.225607025754484
6.695 0.8728876021254228 5.2450805719537374
6.705 0.8742831715772339 5.264643562299295
6.715 0.8771023045684123 5.284328218905893
6.7250000000000005 0.889254767339664 5.304345096627497
6.735 0.8774497838458324 5.32415503059428
6.745 0.8858413746288699 5.344213852620487
6.755 0.886791978168602 5.36435378548738
6.765000000000001 0.8858672885958799 5.384532329336674
6.775 0.8909384951682787 5.4048864281563676
6.785 0.8921572275944857 5.425328582238137
6.795 0.8897628975450533 5.445776014079988
6.805 0.8950799193275689 5.466406223090332
6.815 0.9011069490684065 5.487236431434157
6.825 0.9050580114695082 5.508219417046441
6.835 0.9053982201985019 5.529271846871679
6.845 0.9099015765220666 5.550490942808091
6.855 0.9180209658986453 5.571961982349189
6.865 0.9229865843196357 5.593612187959475
6.875 0.9248022171262787 5.615368226550537
6.885 0.9288639115613859 5.637283431277463
6.8950000000000005 0.9292824670408809 5.65927224687027
6.905 0.9298585777248922 5.681338562204698
6.915 0.9333686857988399 5.703552377047471
6.925 0.9377856796428573 5.725935913546789
6.9350000000000005 0.9405719455979819 5.748450838496968
6.945 0.9448193582479589 5.771132707335322
6.955 0.9453579708041097 5.793892909245802
6.965 0.9497206000743076 5.816823943920144
6.9750000000000005 0.9485938848302471 5.83979358957697
6.985 0.9540355531554081 5.862961290129117
6.995 0.9532715788063355 5.886176768299759
7.005 0.9612429251406787 5.9096533567110825
7.015000000000001 0.9570413413625826 5.933094111908623
7.025 0.9670071204265085 5.956846532733846
7.035 0.9675301880008126 5.980679508846104
7.045 0.9661910129032856 6.004547207064959
7.055 0.9731082036485096 6.028654071153054
7.065 0.978484114513568 6.052962879012654
7.075 0.9791875491779058 6.077358075473031
7.085 0.9769479368131494 6.1017663274456115
7.095 0.9863581779441227 6.12647930062472
7.105 0.983959504291767 6.151201718216657
7.115 0.9890671004153844 6.176122468480752
7.125 0.9806639864457318 6.2009009969966
7.135 0.9870381021130644 6.225910635853219
7.1450000000000005 0.9917875531096362 6.251111107407249
7.155 0.9837299106241767 6.276176857188102
7.165 0.9898133231122114 6.301468161772672
7.175 0.9985475745858946 6.327053909820169
7.1850000000000005 0.9882132413301405 6.352445491848169
7.195 0.9899422168770599 6.377952351269856
7.205 0.9915395337991796 6.403571432539618
7.215 0.9952469683747092 6.4293577354742215
7.2250000000000005 0.9965459091810319 6.45524931583563
7.235 0.9987888708989927 6.481257562474767
7.245 1.0012797317896607 6.507308031195432
7.255 0.9915383966799498 6.533069056436428
7.265000000000001 0.9947537756365892 6.558877303742301
7.275 0.9972889679091856 6.5847147176175795
7.285 0.99689708220361 6.6105051872049
7.295 0.9937160999229889 6.636176490522856
7.305 0.994593175311835 6.6618333494444
7.315 0.9978960454148619 6.6875379859845765
7.325 1.0025014441864266 6.713323455588571
7.335 0.9969291582278756 6.738927814685085
7.345 0.9975654155499518 6.764510507187205
7.355 0.9942301973526457 6.789969588990244
7.365 1.0029301241478223 6.8156128368460225
7.375 1.0022851307298786 6.841200807108319
7.385 0.999117858730926 6.866669055547577
7.3950000000000005 0.9940824181007862 6.8919700823219
7.405 0.9988660074556581 6.917353608821127
7.415 0.9976291037990758 6.9426663022233885
7.425 1.0013852272124004 6.9680345509959105
7.4350000000000005 0.9916419065204772 6.993116411834223
7.445 1.000608000986258 7.018384938716921
7.455 0.9864192517478647 7.043255411370885
7.465 0.9921881551007528 7.0682311614515925
7.4750000000000005 0.9896497068304446 7.093102745213
7.485 0.9881072351871786 7.117895162571529
7.495 0.9871774649218604 7.142623691254263
7.505 0.9836089481757501 7.167222220370396
7.515000000000001 0.9849540384481065 7.191813527288128
7.525 0.9820543291801572 7.2162915012506135
7.535 0.9816756091834483 7.240718919825916
7.545 0.978362596531095 7.265022727702156
7.555 0.9748333464753427 7.289197647118896
7.565 0.9850223267873744 7.313583399166507
7.575 0.9798896602809897 7.337800262888081
7.585 0.9785865057596261 7.361942960190251
7.595 0.9753580141816117 7.38596399123127
7.605 0.9714594517717332 7.409846967176938
7.615 0.9730446144145941 7.433726609800274
7.625 0.9688377586672631 7.457460697353242
7.635 0.9633742019409227 7.481018674382172
7.6450000000000005 0.9660467896597268 7.504599429112931
7.655 0.9657386228556806 7.528129906233381
7.665 0.9650945958632703 7.551601772438414
7.675 0.9568926993371228 7.574831417228394
7.6850000000000005 0.9614273187377453 7.598128006239717
7.695 0.956798763406918 7.621269317990898
7.705 0.9633450718590981 7.644525351581977
7.715 0.9490925574460092 7.667394164241442
7.7250000000000005 0.9528466618631695 7.690309921189004
7.735 0.9534985048799454 7.7131976226743895
7.745 0.9565144348722154 7.736113657398819
7.755 0.9527541296404797 7.758895525903833
7.765000000000001 0.9495691344514061 7.781557117031945
7.775 0.9420062815093719 7.803994264463837
7.785 0.9417365219212498 7.82638085650824
7.795 0.9330903724738397 7.848518004939969
7.805000000000001 0.9359851657766177 7.870679597734736
7.815 0.9411917406921865 7.8929198013784045
7.825 0.9398545224740407 7.915083616387976
7.835 0.9348136690119278 7.93708382083175
7.845 0.9333437972529371 7.9590045810958125
7.855 0.9318876652634223 7.980846174957199
7.865 0.9202437467184487 8.002370269876813
7.875 0.9263986239678865 8.023993253355812
7.885 0.929820394465159 8.04565068116442
7.8950000000000005 0.9290936476099203 8.067245609181294
7.905 0.9292700230027575 8.088798870670423
7.915 0.929911218323711 8.110321021152112
7.925 0.9324635662017283 8.131855949368894
7.9350000000000005 0.9238731990350851 8.153146433956094
7.945 0.9265120758495896 8.174451362939676
7.955 0.931628137142139 8.195827125020427
7.965 0.9193880233811242 8.21687566596969
7.9750000000000005 0.9205507504814069 8.237904206985782
7.985 0.9172174482552777 8.258809970633422
7.995 0.9157216329733433 8.279634901216907
8.005 0.9129539321975515 8.300350109944048
8.015 0.9160221827380538 8.321087818596263
8.025 0.915656783098599 8.341769971878024
8.035 0.908197876733213 8.362236570322699
8.045 0.9083230935532743 8.382658724471163
8.055 0.9084074201199187 8.403035323215825
8.065 0.9125963679854942 8.42345803291788
8.075 0.9150464282945836 8.443887409264326
8.085 0.9134630845453409 8.464233174778382
8.095 0.9170183345071466 8.48460949574618
8.105 0.9134811863568423 8.504858594915866
8.115 0.9097970259524853 8.52497741674196
8.125 0.9211253775151331 8.545297349008887
8.135 0.9173827172804908 8.565485337271154
8.145 0.9149080226034002 8.585569436990696
8.155 0.9157402335273476 8.60562214792602
8.165000000000001 0.9112566136238652 8.625527081576248
8.175 0.91397460316061 8.645441459639304
8.185 0.9118068304935711 8.665258615804358
8.195 0.911379045869384 8.685016327723082
8.205 0.9099297955240278 8.704692373247186
8.215 0.9158225144049884 8.72444508518255
8.225 0.9185131494434808 8.744204741539376
8.235 0.9097174256075897 8.763724398696176
8.245000000000001 0.9130072683428325 8.78326350023252
8.255 0.9129132796139563 8.80274926861329
8.265 0.9090302450926795 8.822100870774609
8.275 0.916543612956545 8.841560528131195
8.285 0.9205114310147317 8.861052129825948
8.295 0.9015429168126634 8.88009067747521
8.305 0.9200963699373248 8.899468390660635
8.315 0.9235901426141823 8.918866659333222
8.325 0.9171522043879389 8.938076873076902
8.335 0.9179617617170787 8.957250975829957
8.345 0.9241588513289297 8.976500911663518
8.355 0.9165183016667534 8.99553834820536
8.365 0.9188076990835892 9.014569673656526
8.375 0.9128344877636001 9.03342377747619
8.385 0.924517712383794 9.05246482511718
8.395 0.9224534428323974 9.071408928636814
8.405 0.9229093180881723 9.090307754529613
8.415000000000001 0.9250910048292981 9.109196302678695
8.425 0.9258891274151847 9.128045962068818
8.435 0.9311621746765882 9.14694728795322
8.445 0.9247681062572999 9.165663336677614
8.455 0.9310098135596264 9.184449662945308
8.465 0.9314576409968265 9.2031887671483
8.475 0.9346733793767888 9.221935926880107
8.485 0.9328754503611864 9.240590309143375
8.495000000000001 0.9390877151190264 9.259311635627922
8.505 0.9436005088006496 9.278065184227243
8.515 0.9339766036190595 9.296570122544207
8.525 0.937493847045616 9.315087005265706
8.535 0.9412965497681519 9.333620832375095
8.545 0.9440147508448385 9.352149659501244
8.555 0.9507350483872228 9.37075126416251
8.565 0.9422967785865874 9.38912898068131
8.575000000000001 0.952260429838607 9.407641418973027
8.585 0.946945708494649 9.425991080029636
8.595 0.9527518751792888 9.444393240911293
8.605 0.9511462597400223 9.462704290985648
8.615 0.9492503927290739 9.480918674715232
8.625 0.9454781487431755 9.499000558886852
8.635 0.9528973588651151 9.517163553899156
8.645 0.9484446768944033 9.535180993841122
8.655 0.951043655547224 9.553186767155047
8.665000000000001 0.9606780050358897 9.571313095623
8.675 0.9556309053983439 9.589282480169482
8.685 0.9524713536819353 9.607130754008711
8.695 0.9667931360525719 9.625184582718195
8.705 0.9624768518408287 9.643095078572276
8.715 0.9608518639251808 9.660912519180815
8.725 0.9620068176849476 9.678688293261633
8.735 0.9649153837197222 9.696454345152462
8.745000000000001 0.9672042467297746 9.714198730448949
8.755 0.9645207831483593 9.731830060566564
8.765 0.9678067810109716 9.749457224031508
8.775 0.9735612958875908 9.767124387363065
8.785 0.970058619566645 9.784663217789163
8.795 0.9684065679646853 9.802107326308803
8.805 0.9724799373098599 9.819559490357246
8.815 0.9844563929954026 9.83716026502159
8.825000000000001 0.9758078863667252 9.854540484865305
8.835 0.9708459755174325 9.871766538556132
8.845 0.9814309255888114 9.889113702954372
8.855 0.9805605518937975 9.906378645404557
8.865 0.9783641586342513 9.923538032651125
8.875 0.9775449963555826 9.940616031279792
8.885 0.9740647695593271 9.957566252556719
8.895 0.9709687356452592 9.974395640903161
8.905 0.9815521371415133 9.991340584420044
8.915000000000001 0.9825389258456813 10.008234416996235
8.925 0.9840642148351291 10.025086027490744
8.935 0.9787564710330737 10.04177847184929
8.945 0.9848973604803521 10.058506749421936
8.955 0.9839734416190654 10.07515030505463
8.965 0.9943331974804002 10.091899138114231
8.975 0.981011294193158 10.108354361041338
8.985 0.9851666887783452 10.124809583968359
8.995000000000001 0.9922252040464914 10.141312306737195
9.005 0.9892588249734712 10.157695307682612
9.015 1.0004122504925406 10.174191641583612
9.025 0.9859409997761296 10.190378809848701
9.035 0.9866658771869391 10.206507089421118
9.045 0.9965579085544775 10.222725368693352
9.055 0.9835937507468241 10.238661704460863
9.065 0.9946526939791875 10.254705262093296
9.075000000000001 0.9900642412402194 10.270602986878659
9.085 0.9882442507688838 10.286399600889794
9.095 0.9845170917865554 10.302064826450152
9.105 0.9921326473225633 10.31777866295959
9.115 0.9898411046870447 10.333383610943262
9.125 0.9870981137180178 10.3488727259795
9.135 0.9908336863261152 10.364347396619534
9.145 0.987504987204066 10.37969706767613
9.155 0.9916627948274107 10.395037849873674
9.165000000000001 0.9871407977241802 10.410235299215673
9.175 0.9941550099882418 10.425466637333606
9.185 0.9932707492187014 10.440610197966247
9.195 0.9903218311615404 10.45563459232945
9.205 0.9903743547396858 10.47058537582674
9.215 0.9980965745962438 10.485577548074943
9.225 0.9883459701647154 10.500348609949246
9.235 0.9973958771512144 10.515179393846639
9.245000000000001 0.9942155889533604 10.529887400375257
9.255 0.9943188385807429 10.54452124048467
9.265 0.9854437813542588 10.558949247946801
9.275 0.9895915537488347 10.573362255458644
9.285 0.9985900615927465 10.58782970723366
9.295 0.9983497391069224 10.602216881498842
9.305 0.9962990646788299 10.616497667229696
9.315 0.9908693203462593 10.630624009030859
9.325000000000001 1.0010471879966905 10.644817850607193
9.335 1.0016003764451635 10.658941692416686
9.345 1.0017777608813523 10.672989978922354
9.355 0.9976091452433961 10.686901876993863
9.365 1.004645561683766 10.700833219444903
9.375 0.9967075483120496 10.714576229190486
9.385 0.9956223524074084 10.728225905913884
9.395 0.9944780130581138 10.741781416284365
9.405 0.9926585181619132 10.755233593665709
9.415000000000001 1.0020280251373719 10.768733270888852
9.425 0.999659862600978 10.782121559594582
9.435 0.9967567049710921 10.795391515361525
9.445 0.9998788945866995 10.808623137922883
9.455 0.9977322875783677 10.821746427512036
9.465 0.9922172804455238 10.83471749538629
9.475 0.9936405103301039 10.84762717457608
9.485 0.9965812801598383 10.860494631684617
9.495000000000001 1.003190004338097 10.873366255445804
9.505 0.9948216831124456 10.886049824278393
9.515 0.9936195338989354 10.898637282320207
9.525 0.9965444409863425 10.911180573842614
9.535 0.9982794520318006 10.923664143341782
9.545 0.9933901629604298 10.936005213316081
9.555 0.9926384698718256 10.948255450259564
9.565 0.9924593021940353 10.960421798594147
9.575000000000001 0.9881419839006632 10.972453702932132
9.585 0.9970350287561431 10.984511440517442
9.595 0.9905486897791648 10.996408623082635
9.605 0.9960288078783457 11.008288861259585
9.615 0.9920340964194949 11.020038822092904
9.625 0.9948253707750923 11.031738783093116
9.635 1.0023122522261925 11.043442910745947
9.645 1.0003883906729298 11.05504064986453
9.655 0.9994674376951439 11.066543667076536
9.665000000000001 0.9871959820499661 11.077822240592361
9.675 0.9922972958382305 11.08907525863783
9.685 0.9892747911044149 11.100210221521372
9.695 0.9960213748260446 11.111336573322422
9.705 0.9962240733579053 11.122380425398708
9.715 0.995084362133149 11.133326777799969
9.725 0.9851395378648994 11.1440795197351
9.735 0.9842385468885797 11.154738095317402
9.745000000000001 0.988641811499223 11.16535944880178
9.755 0.9877913775232204 11.175886635933438
9.765 1.0047353509504466 11.186507711640926
9.775 0.9971792605040637 11.19696267679109
9.785 0.9962752765567147 11.20732180892737
9.795 0.9934087006582271 11.217564830339372
9.805 0.999451409721405 11.227783129611762
9.815 1.005508070827246 11.237975595636698
9.825000000000001 1.009893257501483 11.248124172919134
9.835 1.0025524542775062 11.258111084073702
9.845 1.0043571925817147 11.268027717684822
9.855 1.0038019648720375 11.277850462720147
9.865 1.000278184411152 11.287550430386803
9.875 1.008591743901926 11.29724178697119
9.885 1.0120041398714996 11.306876199300675
9.895 0.9973003213170716 11.316282001281362
9.905 1.00246732852175 11.32564724784177
9.915000000000001 0.9968280566176232 11.334870828207688
9.925 0.9890088166227653 11.343933575776255
9.935 0.9941899188205456 11.352954656817367
9.945 1.0039798830323738 11.36197434897405
9.955 0.9951260191587561 11.370824875027836
9.965 1.0011638946896313 11.37963873453737
9.975 0.9903896245325899 11.388268150217122
9.985 0.9903651303761453 11.396807566196834
9.995000000000001 0.9963865405807829 11.405308371194218
10.005 0.9975918646242198 11.413728620904559
