0.005 0.0 0.0
0.015 0.0 0.0
0.025 0.0 0.0
0.035 0.0 0.0
0.045 0.0 0.0
0.055 0.0 0.0
0.065 0.0 0.0
0.075 0.0 0.0
0.085 0.0 0.0
0.095 0.0 0.0
0.105 0.0 0.0
0.115 0.0 0.0
0.125 0.0 0.0
0.135 0.0 0.0
0.145 0.0 0.0
0.155 0.0 0.0
0.165 0.0 0.0
0.17500000000000002 0.0 0.0
0.185 0.0 0.0
0.195 0.0 0.0
0.20500000000000002 0.0 0.0
0.215 0.0 0.0
0.225 0.0 0.0
0.23500000000000001 0.0 0.0
0.245 0.0 0.0
0.255 0.0 0.0
0.265 0.0 0.0
0.275 0.0 0.0
0.28500000000000003 0.0 0.0
0.295 0.0 0.0
0.305 0.0 0.0
0.315 0.0 0.0
0.325 0.0 0.0
0.335 0.0 0.0
0.34500000000000003 0.0 0.0
0.355 0.0 0.0
0.365 0.0 0.0
0.375 0.0 0.0
0.385 0.0 0.0
0.395 0.0 0.0
0.405 0.0 0.0
0.41500000000000004 0.0 0.0
0.425 0.0 0.0
0.435 0.0 0.0
0.445 0.0 0.0
0.455 0.0 0.0
0.465 0.0 0.0
0.47500000000000003 0.0 0.0
0.485 0.0 0.0
0.495 0.0 0.0
0.505 0.0 0.0
0.515 0.0 0.0
0.525 0.0 0.0
0.535 0.0 0.0
0.545 0.0 0.0
0.555 0.0 0.0
0.5650000000000001 0.0 0.0
0.5750000000000001 0.0 0.0
0.585 0.0 0.0
0.595 0.0 0.0
0.605 0.0 0.0
0.615 0.0 0.0
0.625 0.0 0.0
0.635 0.0 0.0
0.645 0.0 0.0
0.655 0.0 0.0
0.665 0.0 0.0
0.675 0.0 0.0
0.685 0.0 0.0
0.6950000000000001 0.0 0.0
0.705 0.0 0.0
0.715 0.0 0.0
0.725 0.0 0.0
0.735 0.0 0.0
0.745 0.0 0.0
0.755 0.0 0.0
0.765 0.0 0.0
0.775 0.0 0.0
0.785 0.0 0.0
0.795 0.0 0.0
0.805 0.0 0.0
0.8150000000000001 0.0 0.0
0.8250000000000001 0.0 0.0
0.835 0.0 0.0
0.845 0.0 0.0
0.855 0.0 0.0
0.865 0.0 0.0
0.875 0.0 0.0
0.885 0.0 0.0
0.895 0.0 0.0
0.905 0.0 0.0
0.915 0.0 0.0
0.925 0.0 0.0
0.935 0.0 0.0
0.9450000000000001 0.0 0.0
0.9550000000000001 0.0 0.0
0.965 0.0 0.0
0.975 0.0 0.0
0.985 0.0 0.0
0.995 0.0 0.0
1.0050000000000001 0.0 0.0
1.0150000000000001 0.0 0.0
1.025 0.0 0.0
1.035 0.0 0.0
1.045 0.0 0.0
1.055 0.0 0.0
1.065 0.0 0.0
1.075 0.0 0.0
1.085 0.0 0.0
1.095 0.0 0.0
1.105 0.0 0.0
1.115 0.0 0.0
1.125 0.0 0.0
1.135 0.0 0.0
1.145 0.0 0.0
1.155 0.0 0.0
1.165 0.0 0.0
1.175 0.0 0.0
1.185 0.0 0.0
1.195 0.0 0.0
1.205 0.0 0.0
1.215 0.0 0.0
1.225 0.0 0.0
1.235 0.0 0.0
1.245 0.0 0.0
1.2550000000000001 0.0 0.0
1.2650000000000001 0.0 0.0
1.2750000000000001 0.0 0.0
1.285 0.0 0.0
1.295 0.0 0.0
1.305 0.0 0.0
1.315 0.0 0.0
1.325 0.0 0.0
1.335 0.0 0.0
1.345 0.0 0.0
1.355 0.0 0.0
1.365 0.0 0.0
1.375 0.0 0.0
1.385 0.0 0.0
1.395 0.0 0.0
1.405 0.0 0.0
1.415 0.0 0.0
1.425 0.0 0.0
1.435 0.0 0.0
1.445 0.0 0.0
1.455 0.0 0.0
1.465 0.0 0.0
1.475 0.0 0.0
1.485 0.0 0.0
1.495 0.0 0.0
1.5050000000000001 0.0 0.0
1.5150000000000001 0.0 0.0
1.5250000000000001 0.0 0.0
1.5350000000000001 0.0 0.0
1.545 0.0 0.0
1.555 0.0 0.0
1.565 0.0 0.0
1.575 0.0 0.0
1.585 0.0 0.0
1.595 0.0 0.0
1.605 0.0 0.0
1.615 0.0 0.0
1.625 0.0 0.0
1.635 0.0 0.0
1.645 0.0 0.0
1.655 0.0 0.0
1.665 0.0 0.0
1.675 0.0 0.0
1.685 0.0 0.0
1.695 0.0 0.0
1.705 0.0 0.0
1.715 0.0 0.0
1.725 0.0 0.0
1.735 0.0 0.0
1.745 0.0 0.0
1.7550000000000001 0.0 0.0
1.7650000000000001 0.0 0.0
1.7750000000000001 0.0 0.0
1.7850000000000001 0.0 0.0
1.795 0.0 0.0
1.805 0.0 0.0
1.815 0.0 0.0
1.825 0.0 0.0
1.835 0.0 0.0
1.845 0.0 0.0
1.855 0.0 0.0
1.865 0.0 0.0
1.875 0.0 0.0
1.885 0.0 0.0
1.895 0.0 0.0
1.905 0.0 0.0
1.915 0.0 0.0
1.925 0.0 0.0
1.935 0.0 0.0
1.945 0.0 0.0
1.955 0.0 0.0
1.965 0.0 0.0
1.975 0.0 0.0
1.985 0.0 0.0
1.995 0.0 0.0
2.005 0.0 0.0
2.015 0.0 0.0
2.025 0.0 0.0
2.035 0.0 0.0
2.045 0.0 0.0
2.055 0.0 0.0
2.065 0.0 0.0
2.075 0.0 0.0
2.085 0.0 0.0
2.095 0.0 0.0
2.105 0.0 0.0
2.115 0.0 0.0
2.125 0.0 0.0
2.1350000000000002 0.0 0.0
2.145 0.0 0.0
2.1550000000000002 0.0 0.0
2.165 0.0 0.0
2.1750000000000003 0.0 0.0
2.185 0.0 0.0
2.195 0.0 0.0
2.205 0.0 0.0
2.215 0.0 0.0
2.225 0.0 0.0
2.235 0.0 0.0
2.245 0.0 0.0
2.255 0.0 0.0
2.265 0.0 0.0
2.275 0.0 0.0
2.285 0.0 0.0
2.295 0.0 0.0
2.305 0.0 0.0
2.315 0.0 0.0
2.325 0.0 0.0
2.335 0.0 0.0
2.345 0.0 0.0
2.355 0.0 0.0
2.365 0.0 0.0
2.375 0.0 0.0
2.3850000000000002 0.0 0.0
2.395 0.0 0.0
2.4050000000000002 0.0 0.0
2.415 0.0 0.0
2.4250000000000003 0.0 0.0
2.435 0.0 0.0
2.445 0.0 0.0
2.455 0.0 0.0
2.465 0.0 0.0
2.475 0.0 0.0
2.485 0.0 0.0
2.495 0.0 0.0
2.505 0.0 0.0
2.515 0.0 0.0
2.525 0.0 0.0
2.535 0.0 0.0
2.545 0.0 0.0
2.555 0.0 0.0
2.565 0.0 0.0
2.575 0.0 0.0
2.585 0.0 0.0
2.595 0.0 0.0
2.605 0.0 0.0
2.615 0.0 0.0
2.625 0.00017671360666206013 5.555537037098765e-7
2.6350000000000002 0.0001753748736447226 1.111107407419753e-6
2.645 0.0 1.111107407419753e-6
2.6550000000000002 0.0001727426458264931 1.6666611111296296e-6
2.665 0.00034289739899256565 2.7777685185493824e-6
2.6750000000000003 0.00017016923754978273 3.333322222259259e-6
2.685 0.000506712133822468 4.999983333388889e-6
2.695 0.00033530581855675405 6.1110907408086426e-6
2.705 0.0 6.1110907408086426e-6
2.715 0.0003303839706206981 7.2221981482283945e-6
2.725 0.0006559271721931608 9.4444129630679e-6
2.735 0.0009767091059255974 1.2777735185327155e-5
2.745 0.00048480289919851507 1.4444396296456786e-5
2.755 0.00096257970027996 1.777771851871605e-5
2.765 0.000637086464430109 1.9999933333555562e-5
2.775 0.0012650062568212808 2.444436296323458e-5
2.785 0.001883907225873757 3.111100740775309e-5
2.795 0.0017145799028478238 3.722209814856171e-5
2.805 0.0013928535318023874 4.222208148195058e-5
2.815 0.0016903029971829843 4.83331722227592e-5
2.825 0.0016783574428567412 5.444426296356783e-5
2.835 0.0012120276896469128 5.888869259324687e-5
2.845 0.0019557236842054717 6.611089074147532e-5
2.855 0.0014938825774881196 7.166642777857412e-5
2.865 0.001631819517035024 7.777751851938281e-5
2.875 0.0019151215705288382 8.499971666761126e-5
2.8850000000000002 0.0016092730814199472 9.111080740841994e-5
2.895 0.0010170202576015878 9.49996833343891e-5
2.9050000000000002 0.0012986105853362744 9.999966666777803e-5
2.915 0.001719621369570854 0.00010666631111229658
2.9250000000000003 0.0017078833854765987 0.00011333295555681501
2.935 0.0014135543134259822 0.00011888849259391369
2.945 0.0023867505830131243 0.00012833290555698147
2.955 0.003067866290106689 0.00014055508703859858
2.965 0.0019391319412067223 0.00014833283889053672
2.975 0.002614016853995093 0.00015888835926102424
2.985 0.00191323399977567 0.00016666611111296238
2.995 0.0016289821318645871 0.0001733327555574808
3.005 0.001348465308565673 0.00017888829259457952
3.015 0.0024111631934652807 0.00018888825926135713
3.025 0.002395247982836668 0.00019888822592813477
3.035 0.0026438775882762352 0.00020999930000233216
3.045 0.00288919482322332 0.00022222148148394965
3.055 0.0037835921212169697 0.00023833253889153652
3.065 0.002592374758669255 0.00024944361296573434
3.075 0.0025755412156826824 0.0002605546870399322
3.085 0.0037103631013622736 0.0002766657444475191
3.095 0.0049576065162017825 0.0002983323388922049
3.105 0.005052025551282448 0.0003205544870406006
3.115 0.004517676795022558 0.00034055442037415673
3.125 0.006109769097492061 0.0003677765518559414
3.1350000000000002 0.003964639022199235 0.00038555427037465797
3.145 0.004555008482619793 0.000406109757411924
3.1550000000000002 0.004893166931404567 0.00042833190556031955
3.165 0.0061994265310591715 0.00045666514444952166
3.1750000000000003 0.00760995103978637 0.0004916650277832419
3.185 0.007202133242645158 0.0005249982500058326
3.1950000000000003 0.009423541408205848 0.0005688869925989103
3.205 0.009127743693326702 0.0006116646277845684
3.215 0.008364214765358704 0.0006511089407479673
3.225 0.009717340881845974 0.0006972198981558845
3.235 0.010355479715203422 0.0007466641777860607
3.245 0.012835782938859959 0.0008083306388978535
3.255 0.012297323041130754 0.0008677748851948092
3.265 0.015306194196646427 0.0009422190814919412
3.275 0.014985806362129046 0.0010155521703816533
3.285 0.013991997970238602 0.0010844408296416857
3.295 0.01850554604901223 0.0011761071907538257
3.305 0.017167481708555955 0.0012616624611251565
3.315 0.019169369988244152 0.0013577732518669761
3.325 0.019164379093825252 0.0014544395963125055
3.335 0.020363389757862865 0.0015577725852025544
3.345 0.01915354787807413 0.0016555500370555038
3.355 0.025638470133561492 0.0017872162648347317
3.365 0.02591646223956416 0.0019211047074287817
3.375 0.02362509334360107 0.0020438820759486366
3.3850000000000002 0.02996819444437907 0.0022005482203947867
3.395 0.030214491761820728 0.0023594365796557747
3.4050000000000002 0.03171768851444705 0.0025272137981761193
3.415 0.037588059519780066 0.00272721313151163
3.4250000000000003 0.04006775190157877 0.002941656861143594
3.435 0.041795580849907435 0.0031666561111460424
3.4450000000000003 0.0492483416984997 0.003433321888926735
3.455 0.049983746456353666 0.0037055432037446895
3.465 0.04979707620565774 0.003978320072266363
3.475 0.05757783385200857 0.004295541237084847
3.485 0.06526859397837527 0.004657206698200145
3.495 0.06798589977350893 0.005036094324130448
3.505 0.07186059335150828 0.005438870759320288
3.515 0.07923813197830328 0.005885535937103226
3.525 0.08290504523449209 0.0063555343704419925
3.535 0.08896532776740358 0.006862754901929288
3.545 0.09456843066711879 0.00740497531674966
3.555 0.09461524597596531 0.00795052905379226
3.565 0.10836084506239459 0.008578860292687557
3.575 0.11318612626401402 0.009238858092694284
3.585 0.11918762640452009 0.009937744651960716
3.595 0.12813564825114201 0.010693297689005505
3.605 0.14054311465129696 0.011526628244569686
3.615 0.14722085588668285 0.012404403096430556
3.625 0.15159892915084663 0.01331328895569916
3.6350000000000002 0.16956563874665959 0.014335507770526288
3.645 0.1697363176441475 0.015364393229798587
3.6550000000000002 0.18457765560017395 0.016489389479813002
3.665 0.1895548657240117 0.01765105227427244
3.6750000000000003 0.19727020428906342 0.018866603777991656
3.685 0.21207282696723914 0.020180488287267574
3.6950000000000003 0.2258206651530764 0.021587150265062922
3.705 0.2347157771576098 0.023057145365081428
3.715 0.2498644567451457 0.024630473453990134
3.725 0.2599329709505396 0.026276023524381232
3.735 0.2711122311756196 0.028001573328103217
3.745 0.28208171845239294 0.0298065673114514
3.755 0.2817903171891714 0.031619339046651374
3.765 0.2972179359593936 0.03354155486148186
3.775 0.31914318265989405 0.035616547944832086
3.785 0.33173833642459705 0.037784874050405357
3.795 0.3505376069360655 0.04008819970598092
3.805 0.35626692942965354 0.04244152519489031
3.815 0.3729751200171758 0.04491818360602303
3.825 0.3902529888215854 0.04752317492271234
3.835 0.4077597775555257 0.05025927691347754
3.845 0.4112422858387797 0.05303315655609544
3.855 0.4296776916173221 0.05594648017835319
3.865 0.4562314288191881 0.059055914258032235
3.875 0.4623134386091944 0.062223125922896944
3.8850000000000002 0.48107374410911247 0.06553589265813677
3.895 0.4888803351090447 0.068919770267448
3.9050000000000002 0.5028292245190861 0.07241809193972341
3.915 0.5124982708741654 0.07600196888236992
3.9250000000000003 0.53739623020548 0.07977917851390613
3.935 0.5485874856525387 0.08365472115099723
3.9450000000000003 0.5671696506098692 0.08768192994919906
3.955 0.5810420389822308 0.09182858279370168
3.9650000000000003 0.5971685067721252 0.09611190184931506
3.975 0.6148209652426075 0.10054410929751818
3.985 0.6289917709770299 0.10510131632905952
3.995 0.6488115745634409 0.10982574502540977
4.005 0.6486121872456153 0.11457239586988316
4.015 0.6773372770005496 0.11955404593102578
4.025 0.6905114033207324 0.12465791780698035
4.035 0.7108761638209788 0.12993845576071167
4.045 0.721654383540325 0.13532566002556287
4.055 0.7335026279627799 0.1408284194607888
4.065 0.7512682631096552 0.14649228947008996
4.075 0.7582182371334873 0.15223671476643152
4.085 0.78523097748978 0.15821502817202746
4.095 0.7871371059006042 0.16423723032023177
4.105 0.792772923658017 0.1703322100036226
4.115 0.8030188773566279 0.17653607821294978
4.125 0.8177362312989898 0.18288439038523202
4.135 0.8335126687367429 0.1893865909334517
4.1450000000000005 0.8681214471396059 0.19619156825018755
4.155 0.8760087849119178 0.20309154525026613
4.165 0.8699120787152971 0.20997652230033836
4.175 0.8637239467816982 0.21684538829300629
4.1850000000000005 0.8831699796281235 0.22390258699125618
4.195 0.9131459813754556 0.2312342292191366
4.205 0.9147992364723383 0.23861420461922733
4.215 0.9277353723681131 0.24613417955265887
4.225 0.9311253564458108 0.25371748760833873
4.235 0.953415034764634 0.2615191282695524
4.245 0.9501446990318959 0.26933076889744434
4.255 0.9624978863249327 0.2772812979512531
4.265 0.9916609273169723 0.2855112705180131
4.275 0.990824801487142 0.2937729096458825
4.285 0.9757274358798198 0.3019467712885601
4.295 0.9944243152687756 0.31031618783495946
4.305 0.9909924725726099 0.3186956043480197
4.315 0.9954295363143976 0.32715168727218463
4.325 0.999294244538011 0.3356799921778243
4.335 1.0265042320684403 0.34448107395199246
4.345 1.0155928280846804 0.3532288225705952
4.355 1.031735796262403 0.3621565705892127
4.365 1.0318709679323617 0.37112654068931955
4.375 1.0477711275926977 0.3802765101894219
4.385 1.0559797510026885 0.3895403681987721
4.3950000000000005 1.043930335110684 0.3987403375322071
4.405 1.063167756294192 0.40815252838045313
4.415 1.05335949644403 0.41752027493240496
4.425 1.0706182706326537 0.4270846874954555
4.4350000000000005 1.0726054744094862 0.4367102109659299
4.445 1.0820827215523892 0.4464646228956776
4.455 1.0864945953704546 0.45630292343469003
4.465 1.0824884245353283 0.46614900172554957
4.4750000000000005 1.0914587437062842 0.47612119070713876
4.485 1.1056654358387858 0.48626837910540904
4.495 1.1044275775807781 0.4964494562795887
4.505 1.084170322795482 0.506488311705624
4.515 1.081105370302362 0.5165432781890756
4.525 1.0932215267279775 0.5267560219243758
4.535 1.08751747297874 0.5369604323541238
4.545 1.0921686926806111 0.5472537313764408
4.555 1.099703048676429 0.5576636966765398
4.565 1.0885213128045186 0.5680131066229528
4.575 1.0940069966748882 0.5784602940212052
4.585 1.0932367691494274 0.5889458146250273
4.595 1.1039970882617516 0.5995807791751464
4.605 1.08404841356373 0.6100690775474861
4.615 1.1023388292480254 0.6207807085087333
4.625 1.1139146809858866 0.6316517833829526
4.635 1.1160849663446926 0.6425911913627043
4.6450000000000005 1.0957646617761947 0.6533778220739481
4.655 1.116630065584593 0.66441722972037
4.665 1.1105610055083863 0.6754438596316046
4.675 1.1197992844819653 0.6866099335224559
4.6850000000000005 1.1121392454619237 0.6977471186207288
4.695 1.1111078601672397 0.7089215258171421
4.705 1.1161808472496249 0.7201948215728144
4.715 1.1249801757609679 0.7316053390933277
4.7250000000000005 1.1206051846263094 0.7430197454897611
4.735 1.12847708667127 0.7545630403454546
4.745 1.118587776359082 0.7660535575992824
4.755 1.1229893694376727 0.77763796342903
4.765 1.1192997846597708 0.7892329247791446
4.775 1.1249771060023235 0.8009356635477829
4.785 1.129533599442786 0.8127350686608766
4.795 1.1165124240012312 0.8244472518424918
4.805 1.1241057055879533 0.8362883234833546
4.815 1.127739756347723 0.8482171726094262
4.825 1.133060084252827 0.8602521324928787
4.835 1.1358265799514005 0.8723665365559693
4.845 1.1233099417703434 0.884397052009783
4.855 1.127831011698428 0.8965259004691876
4.865 1.1140416344883959 0.9085558603693518
4.875 1.1175200322484022 0.9206730422009516
4.885 1.1262164186841022 0.932934667995514
4.8950000000000005 1.1183164075883798 0.9451601827993531
4.905 1.11340687165659 0.9573818087272773
4.915 1.1117539737380608 0.9696351012163336
4.925 1.1179869383434926 0.9820072821979766
4.9350000000000005 1.1245102914482075 0.9945022405481058
4.945 1.1150369957706578 1.0069421990815837
4.955 1.1183769630123455 1.019469935100238
4.965 1.1261760252799866 1.032136003991101
4.9750000000000005 1.1248018744984798 1.0448376283190044
4.985 1.1133846155470137 1.0574609195746973
4.995 1.1177158552795752 1.070184210497029
5.005 1.1186981815314139 1.082969723434211
5.015 1.1079471685643028 1.095683014389884
5.025 1.1168032231889085 1.1085490826141253
5.035 1.1182313656718947 1.1214829283901928
5.045 1.122079347352278 1.1345128849570172
5.055 1.121551770720335 1.1475883969275407
5.065 1.1116690767890585 1.1606000202221713
5.075 1.1098927093811186 1.1736421989704806
5.085 1.1115594186434725 1.1867554885928828
5.095 1.115596777873825 1.199968222328208
5.105 1.1002503791589813 1.2130504009432006
5.115 1.1081928711447904 1.2262786901822236
5.125 1.1060977054501395 1.2395336459990267
5.135 1.1096443233786804 1.2528830459454816
5.1450000000000005 1.1100270348362529 1.2662891123697284
5.155 1.1073283710579571 1.2797146231735907
5.165 1.1220784593430553 1.2933717998718788
5.175 1.1101983851230466 1.306936754655354
5.1850000000000005 1.1143446748187182 1.3206050424277318
5.195 1.1069004204864341 1.334234441440849
5.205 1.0887630863025617 1.3476921743595038
5.215 1.0958744898742594 1.3612899068114996
5.2250000000000005 1.096946831522089 1.3749531946005067
5.235 1.0998691328001815 1.3887053709821502
5.245 1.1019644652604559 1.4025364359896837
5.255 1.0859571888364972 1.416218612604619
5.265 1.0874146522048393 1.4299713445399374
5.275 1.0929230121005833 1.4438462982901117
5.285 1.078764079012379 1.4575934746884311
5.295 1.0950188550393851 1.471600650220059
5.305 1.0837121492614628 1.4855156038368598
5.315 1.0739482561589928 1.4993572243648148
5.325 1.0849913390100214 1.513393844242755
5.335 1.0704889200665308 1.5272949090169918
5.345 1.0649100838654644 1.5411754183042008
5.355 1.0760958127966642 1.5552542602636237
5.365 1.0656999883722447 1.5692492136137768
5.375 1.0722751640083095 1.58338305538984
5.385 1.0682964110156794 1.5975168971659006
5.3950000000000005 1.0660968578067058 1.6116740721975107
5.405 1.0598215207455854 1.6258001362217436
5.415 1.0514673400356902 1.6398667559996754
5.425 1.0592206844376804 1.654089486368352
5.4350000000000005 1.0610563643953705 1.668389438701825
5.445 1.0472234485443734 1.6825549470390162
5.455 1.0451061248483593 1.6967437886317511
5.465 1.0627710842555629 1.7112254070263633
5.4750000000000005 1.054098971923009 1.7256414700839569
5.485 1.0414355827827175 1.7399364224341036
5.495 1.0471656701412801 1.754362485458319
5.505 1.0437263336929823 1.768793548465921
5.515 1.0532763187766765 1.7834096108568476
5.525 1.051780627522118 1.7980578953625648
5.535 1.0614574940608117 1.8128945125738318
5.545 1.0565235477055228 1.8277155742813915
5.555 1.048855993498612 1.8424821917260095
5.565 1.0454044570660657 1.8572532536002362
5.575 1.0617556673186554 1.872309314524475
5.585 1.0412878653792974 1.8871281540172207
5.595 1.0367521231675243 1.9019353268822408
5.605 1.0525520523694185 1.9170219432601947
5.615 1.0426268743889744 1.9320196710455015
5.625 1.0376530698165982 1.9469990655586207
5.635 1.044595811149621 1.9621323484476494
5.6450000000000005 1.0519414332187034 1.9774261863570555
5.655 1.0280053924710977 1.9924250252498388
5.665 1.042515925542458 2.007689418812965
5.675 1.0372193037704942 2.022929923566812
5.6850000000000005 1.0380946997624436 2.0382370947651927
5.695 1.032499973369051 2.0535153771709163
5.705 1.0299310672146063 2.0688092150803477
5.715 1.0346810303369551 2.0842274970193704
5.7250000000000005 1.0301779424360502 2.099632445669538
5.735 1.0393981557443535 2.1152296159012316
5.745 1.0361517956966102 2.1308323416699144
5.755 1.0410468392584038 2.146563400344146
5.765 1.0324922471094085 2.162219459268408
5.775 1.0381569241772535 2.1780160732796805
5.785 1.0270028149061272 2.193697132120606
5.795 1.0413373765690486 2.209652078937499
5.805 1.0464612071419503 2.2257409141969235
5.815 1.0467182514227253 2.241889193702649
5.825 1.049945984942366 2.2581430284120687
5.835 1.0420943550965265 2.2743307522307465
5.845 1.0450897395498011 2.290620697930899
5.855 1.0461760281604333 2.306983421166287
5.865 1.0666475793761703 2.323723365366476
5.875 1.0605500168438649 2.3404244208074196
5.885 1.0693247877817251 2.357321031152045
5.8950000000000005 1.068993701074621 2.3742698635448503
5.905 1.0785414229207013 2.3914281396839483
5.915 1.0769162926097453 2.408618637937836
5.925 1.069468757335313 2.4257480252843195
5.9350000000000005 1.0821498835367895 2.4431390784252
5.945 1.0773410110418846 2.4605112427401985
5.955 1.084026950846377 2.4780500731663397
5.965 1.0975407036132092 2.495867235997997
5.9750000000000005 1.0952002050234038 2.5137060654241252
5.985 1.0883480218717347 2.53149267280213
5.995 1.1038288376757426 2.5495926124690143
6.005 1.1001555337907103 2.5676925521358824
6.015000000000001 1.0996978205563028 2.5858452694046505
6.025 1.1111452043915286 2.6042479858400496
6.035 1.1144534020834516 2.622766812999539
6.045 1.1111024860801828 2.6412911956960428
6.055 1.1180966766439298 2.659993911131402
6.065 1.1148099072267452 2.6787032932112798
6.075 1.1190943541277651 2.6975465637336886
6.085 1.120516463353368 2.7164759450802185
6.095 1.1073042625578517 2.735243660298949
6.105 1.1146897090203767 2.75419859711586
6.115 1.1330275527337308 2.7735285326827874
6.125 1.1202752122167692 2.7927034687663514
6.135 1.1125497700936806 2.8118084050832275
6.1450000000000005 1.1332779828522475 2.831332784446388
6.155 1.1362840484993357 2.850972718979921
6.165 1.1374064692008377 2.870695986569061
6.175 1.1341726231778364 2.89042703191006
6.1850000000000005 1.141871744367754 2.9103564099232417
6.195 1.131747451174397 2.930173010534605
6.205 1.1389186568691514 2.950179610512547
6.215 1.144146421780941 2.9703428766350077
6.2250000000000005 1.1569077331781903 2.9907966973445377
6.235 1.145744948817966 3.0111182962725276
6.245 1.1595318041122438 3.031750449720876
6.255 1.1547068229826043 3.052362603235894
6.265000000000001 1.1510235507575923 3.0729747567509262
6.275 1.1501101472456725 3.0936363545455525
6.285 1.1691103802393783 3.1147062843124846
6.295 1.1633094020702035 3.135738436427539
6.305 1.1598978896568852 3.1567755885258935
6.315 1.1520136510778773 3.1777360742131346
6.325 1.1580224658976606 3.1988726704244423
6.335 1.1581620778484603 3.2200787108487345
6.345 1.163043655888966 3.241441417417507
6.355 1.1700898005468454 3.263001345551098
6.365 1.1654843139940307 3.2845440515198776
6.375 1.1648868701203086 3.3061434239664464
6.385 1.1506974741785183 3.3275466859555465
6.3950000000000005 1.1666933249571136 3.3493155022817223
6.405 1.168484875295199 3.371185984935648
6.415 1.1646672022238806 3.3930531342674137
6.425 1.1708672136383218 3.4151052829824535
6.4350000000000005 1.1692305725131815 3.4371952093493867
6.445 1.168360621771817 3.45933735776441
6.455 1.172283147163473 3.4816228390349875
6.465 1.161201235593786 3.5037660985574792
6.4750000000000005 1.1833498574900805 3.526401578661469
6.485 1.1647628919082278 3.548750393054325
6.495 1.1632284200166016 3.5711386517601347
6.505 1.165668996070352 3.593643021190059
6.515000000000001 1.1788758045567502 3.616472389536568
6.525 1.170031337857266 3.639200091555288
6.535 1.1754917790394737 3.662103904098111
6.545 1.1685482723481138 3.6849421613039555
6.555 1.1741957845748083 3.7079609734634476
6.565 1.1857082998482067 3.7312764513007135
6.575 1.1744429560195568 3.7544408185306835
6.585 1.1863514465104017 3.777911295851394
6.595 1.1732657251906737 3.8011934404664087
6.605 1.1687946759819352 3.824457251809246
6.615 1.1734447707625026 3.8478843959410116
6.625 1.186967066943229 3.8716532056005164
6.635 1.1784961037906418 3.895323682254533
6.6450000000000005 1.1835004709843504 3.9191663805566295
6.655 1.1806612539644763 3.9430235232550066
6.665 1.1738865161971008 3.9668151106164182
6.675 1.173214122662646 3.9906644755629346
6.6850000000000005 1.1791616317460094 4.014706617644686
6.695 1.1883011687813956 4.039007647752332
6.705 1.193480713281016 4.063487566152589
6.715 1.1932232456231935 4.088035262104709
6.7250000000000005 1.192638938699822 4.1126440689642365
6.735 1.1885630651679668 4.13724176474971
6.745 1.183007269259214 4.161797238453707
6.755 1.189060725323838 4.186551600383643
6.765000000000001 1.1970953657115204 4.2115470726209985
6.775 1.1958986094641144 4.236591433584219
6.785 1.1936721439340414 4.261663016678848
6.795 1.194301817390103 4.2868218217049785
6.805 1.1945808022696298 4.312060626464507
6.815 1.1967669121148308 4.337419986377739
6.825 1.194412680806663 4.362803790653984
6.835 1.2088787973162465 4.388570371432094
6.845 1.2000475612740749 4.414223619254575
6.855 1.1990624232225895 4.439930755786368
6.865 1.1929104583205985 4.46558067028662
6.875 1.201937385014301 4.491500028333209
6.885 1.1818543552907281 4.5170604986872105
6.8950000000000005 1.1858820770084446 4.542782635168961
6.905 1.1769588572905216 4.56838532760441
6.915 1.1875375618644244 4.594293019023208
6.925 1.1952572252521412 4.620444598518003
6.9350000000000005 1.1900910316427136 4.646558400360903
6.945 1.1878276061659907 4.6726977576740865
6.955 1.1935521058484995 4.699038780981717
6.965 1.1833751779287955 4.725230360343021
6.9750000000000005 1.1822620444033471 4.751472495091491
6.985 1.185742558654494 4.777867407108554
6.995 1.1811353152268715 4.804235096994058
7.005 1.1833488149721862 4.830727786462862
7.015000000000001 1.1811651755029813 4.8572471425095145
7.025 1.1831590407044177 4.88388705370983
7.035 1.1905250195614472 4.910769186324953
7.045 1.1873684512285363 4.937656318923464
7.055 1.1842739121581194 4.9645495626126985
7.065 1.1921943673486517 4.99169947211314
7.075 1.1929620609629445 5.018943825743031
7.085 1.1835081880695641 5.04604873539328
7.095 1.184963856372676 5.073263644677007
7.105 1.1833673612512958 5.100518553827289
7.115 1.1894722909227131 5.127991240029339
7.125 1.191364730930679 5.155585036938784
7.135 1.1826219068229842 5.183053278711256
7.1450000000000005 1.1753305935689737 5.210428743015155
7.155 1.184297011322878 5.238090317476517
7.165 1.1756567564115492 5.265626892354626
7.175 1.165924694218507 5.293011801071613
7.1850000000000005 1.1716446301637384 5.320607820196052
7.195 1.167684414859514 5.348187172709414
7.205 1.1679168928893713 5.375848747170859
7.215 1.1684242936234195 5.403599210224934
7.2250000000000005 1.1734031394094109 5.431545228182696
7.235 1.1697213847221068 5.459466246223728
7.245 1.1728111575523434 5.48743670854439
7.255 1.1695281601970302 5.5152899490335745
7.265000000000001 1.1525326393836257 5.54269985766722
7.275 1.1552416681477296 5.570135321771257
7.285 1.1628165616013897 5.597711340962289
7.295 1.1603108342562096 5.625188471594105
7.305 1.1512285196623446 5.652411158629563
7.315 1.1511400216639605 5.679592179137238
7.325 1.1432844926903314 5.706548200394884
7.335 1.1422107661605283 5.7334392218693235
7.345 1.143009692563744 5.76030913230289
7.355 1.1468967099040153 5.787230153677232
7.365 1.1469406642906488 5.8141117307386345
7.375 1.138898554428505 5.840764419674024
7.385 1.1459859431092247 5.867542108192967
7.3950000000000005 1.1479843990557757 5.894325352248775
7.405 1.1378350315293941 5.920830819452722
7.415 1.141994739414541 5.947391842027109
7.425 1.1452912538857374 5.973987864484781
7.4350000000000005 1.1322176510380066 6.000238888092564
7.445 1.1355030915368887 6.026524356029819
7.455 1.1333754625235675 6.05271871315974
7.465 1.13430766228366 6.078892514802642
7.4750000000000005 1.1366264309998064 6.105077427519602
7.485 1.129275763613682 6.1310506742754125
7.495 1.1301118559512486 6.157000587775732
7.505 1.1221384652298463 6.182724946472307
7.515000000000001 1.1223280704367367 6.208410971963359
7.525 1.1235485036848754 6.234081997504385
7.535 1.1219080230823366 6.259672467758377
7.545 1.1230766678507673 6.285246271401264
7.555 1.1147271707628852 6.310586742488639
7.565 1.11485286755174 6.335886658155663
7.575 1.0993668170918511 6.3607921306930475
7.585 1.0957011361228224 6.385571492539657
7.595 1.095968895701056 6.410313632288006
7.605 1.0927952014738715 6.434940772419805
7.615 1.0970772239438265 6.459620690153338
7.625 1.0927987455971204 6.484160608353646
7.635 1.0967917066954487 6.508746081957586
7.6450000000000005 1.0844955032314845 6.533012112181865
7.655 1.0952714080398283 6.55747480841731
7.665 1.0909695475327683 6.581796949565726
7.675 1.085387611780989 6.605950202388203
7.6850000000000005 1.0844961183277815 6.630039010981122
7.695 1.078222756437159 6.653943931298011
7.705 1.0888556054137613 6.6780394065352215
7.715 1.0862067144273164 6.702030993229905
7.7250000000000005 1.0902600221193453 6.726066468667206
7.735 1.0841375080266062 6.749921389150821
7.745 1.0938110495103557 6.773942975745528
7.755 1.0905793425418098 6.797847340508767
7.765000000000001 1.087293386685818 6.8216333723330935
7.775 1.0789146916833094 6.845189960477798
7.785 1.0816279154930066 6.868759326357741
7.795 1.080375838474342 6.8922548035949145
7.805000000000001 1.078487942591772 6.915662503346976
7.815 1.067650404676553 6.93878853737128
7.825 1.0769011579551004 6.962067904217927
7.835 1.074532855617719 6.985248938059027
7.845 1.066925614313971 7.008218861492431
7.855 1.061106232368513 7.031016563277795
7.865 1.0853032519827523 7.0542859301575875
7.875 1.0658842732804246 7.077091409694881
7.885 1.0562807037458792 7.099644112297027
7.8950000000000005 1.0748326772650105 7.122544591517724
7.905 1.0587454037082942 7.145054516484731
7.915 1.0640188445328453 7.167628330127664
7.925 1.0710560818089874 7.190302698990701
7.9350000000000005 1.059381673103064 7.212681513283606
7.945 1.0640066708485743 7.235109216302476
7.955 1.0609482035147368 7.257423586365701
7.965 1.0615651588295094 7.27970184543826
7.9750000000000005 1.0592491580263363 7.301882327058876
7.985 1.0598570145363129 7.3240261421350255
7.995 1.0554933535759576 7.346029402124061
8.005 1.0631387909869388 7.368142106192977
8.015 1.0624757936101887 7.390190921585876
8.025 1.0524816311399225 7.411982515613914
8.035 1.0631589713651473 7.4339446646290375
8.045 1.0579910900854221 7.455749591945878
8.055 1.0525654080163889 7.477392297581151
8.065 1.0616125575279665 7.499170002766705
8.075 1.0507052967287056 7.520673264422511
8.085 1.0603538939662598 7.542322636702548
8.095 1.056365845165058 7.563839231647334
8.105 1.062648242766218 7.5854319374495205
8.115 1.0600085222520363 7.606919088048011
8.125 1.0524478335089356 7.628201239329667
8.135 1.0591808164575005 7.649567279220686
8.145 1.0696559985137226 7.6710916519170915
8.155 1.052903495696611 7.692226581467196
8.165000000000001 1.0510876449172595 7.713272622424724
8.175 1.0492444947961381 7.734229219235959
8.185 1.0598385408016073 7.7553441488527834
8.195 1.0450559245607602 7.776111857404875
8.205 1.0596364595132917 7.797115676281124
8.215 1.0536765107619868 7.8179478290626525
8.225 1.0497521197073332 7.838648871170227
8.235 1.0395465906256194 7.859095469681666
8.245000000000001 1.0538503309784666 7.879769289657717
8.255 1.0438486670091434 7.90019311046725
8.265 1.0373625032907414 7.920436376323034
8.275 1.0380734626573613 7.9406396423122985
8.285 1.047499004309116 7.9609717967607185
8.295 1.0364080231928232 7.981034507662811
8.305 1.04143935450545 8.001139996200047
8.315 1.0402463392273473 8.021167707218746
8.325 1.0397800356141824 8.04113152956153
8.335 1.0260901778779865 8.060778130739516
8.345 1.0409352873727333 8.08065362004342
8.355 1.024303436147215 8.100156888365758
8.365 1.0442794834248532 8.119984600051096
8.375 1.0420195947192492 8.139713423177282
8.385 1.035166357309112 8.159256691366368
8.395 1.039320982302769 8.178822181703561
8.405 1.0364361565846496 8.198277116853758
8.415000000000001 1.028617383880732 8.217529274902194
8.425 1.028294623932572 8.236719210935695
8.435 1.0285771929308223 8.25585803602845
8.445 1.0273742718124612 8.274917972495352
8.455 1.0324516274616193 8.294015131060418
8.465 1.0225070727964092 8.312871734871827
8.475 1.0286178805441795 8.33178389405346
8.485 1.022410358811569 8.350524942694397
8.495000000000001 1.0197928120444764 8.369160991685373
8.505 1.0373566445791185 8.388059817578199
8.515 1.0369921590165372 8.406893643687562
8.525 1.0216005862023116 8.42539024869889
8.535 1.0241910580505789 8.44387574263608
8.545 1.0327059031607884 8.462456236256685
8.555 1.029917150592392 8.480927841351434
8.565 1.0269657229438518 8.499287780151827
8.575000000000001 1.0172408593912796 8.517415497503963
8.585 1.0247278956339687 8.535617659052367
8.595 1.021135049806096 8.553697043232152
8.605 1.0265957479082275 8.571813649510213
8.615 1.023354072116823 8.589813589510438
8.625 1.0271050209067945 8.607819640601404
8.635 1.0173466416891763 8.625595136905256
8.645 1.0240591237867187 8.643427855240823
8.655 1.0194958146343083 8.66112112959647
8.665000000000001 1.0285312718396453 8.678910514742881
8.675 1.0283571045455333 8.696636011213283
8.685 1.0250231194570691 8.714243174745054
8.695 1.025311833118537 8.731794227352689
8.705 1.0293263405678241 8.749352502158295
8.715 1.0201107483480605 8.766692444358435
8.725 1.0268140839637558 8.784084608606703
8.735 1.0201464337886037 8.801302328991932
8.745000000000001 1.017670428351382 8.818416716388292
8.755 1.0166464009277691 8.8354522151588
8.765 1.0217153981048115 8.852510491631113
8.775 1.022925257297953 8.86952654602197
8.785 1.021775339359208 8.886460934018487
8.795 1.0053195954459824 8.903060878685366
8.805 1.0117163961143483 8.919704156541135
8.815 1.013765804439409 8.936318545604202
8.825000000000001 1.0216947142074004 8.952999601111747
8.835 1.0315058810054714 8.969776767410162
8.845 1.032660491247812 8.98650837830475
8.855 1.0252992886028551 9.00305665647713
8.865 1.0156463360779033 9.0193854909365
8.875 1.0241072853211761 9.035785991823932
8.885 1.0278404714653768 9.052181492727751
8.895 1.0291674751004827 9.068533104888985
8.905 1.0273222704177407 9.084790272920888
8.915000000000001 1.0305145798115074 9.101032441002568
8.925 1.0177125025607612 9.117007943306492
8.935 1.0183925078619367 9.132929001347465
8.945 1.0206600704374713 9.14882005948844
8.955 1.0315935598545227 9.16481500617202
8.965 1.0445014072215855 9.180942730190855
8.975 1.0252647374757689 9.196707122087332
8.985 1.0322200624835363 9.21251151385059
8.995000000000001 1.0231772981366658 9.228110906297234
9.005 1.0296590484243917 9.243741965304883
9.015 1.0364665225694727 9.259408579749547
9.025 1.0299459232309782 9.274909083636688
9.035 1.0247896078029166 9.290264588007282
9.045 1.0348687968458397 9.30570286987969
9.055 1.027095433063127 9.320957263476204
9.065 1.0345952340912363 9.336254434707874
9.075000000000001 1.0259080542792436 9.351354939928337
9.085 1.0305767223678768 9.366455445148963
9.095 1.0300828176680752 9.381479839512163
9.105 1.0305539315475187 9.39644201186046
9.115 1.0158958776784206 9.411123074034743
9.125 1.0424403405807399 9.426117468497846
9.135 1.0288130114524234 9.440846308290556
9.145 1.0271953286256497 9.455482370614918
9.155 1.0308642756870383 9.470100655220664
9.165000000000001 1.0305665881493289 9.484644495630157
9.175 1.0225656550487348 9.499005558870957
9.185 1.0271804922158463 9.513361066574797
9.195 1.0313749594716737 9.527704352097052
9.205 1.0364276580088791 9.542046526512085
9.215 1.0328698737961595 9.556268145773227
9.225 1.0167188272485421 9.570196988232635
9.235 1.0315973438101362 9.584258052473437
9.245000000000001 1.029353908844814 9.598216894832806
9.255 1.032742823436365 9.612149626167994
9.265 1.027281302955053 9.625936802432697
9.275 1.0181978976837567 9.639530646008753
9.285 1.026141737158802 9.653158378360772
9.295 1.0324601766465948 9.666797221786744
9.305 1.0262186379849372 9.680281065729504
9.315 1.0341649984279115 9.693796020679594
9.325000000000001 1.0217385622014064 9.707075976412986
9.335 1.0322264910187193 9.720418709714998
9.345 1.0295343918599327 9.73365311004475
9.355 1.031216317568591 9.746835288326428
9.365 1.0377396098825422 9.760026355467359
9.375 1.016880700307611 9.772879090402746
9.385 1.0203319865943945 9.785701825438247
9.395 1.0314856374782955 9.798590115810773
9.405 1.0232409603257986 9.811301184551608
9.415000000000001 1.0353378014978123 9.824087253042503
9.425 1.0365066443136668 9.836812210625949
9.435 1.0461723110648549 9.849579390290856
9.445 1.034811511556149 9.862132126226118
9.455 1.0307465893796868 9.874559862578156
9.465 1.0372176187362938 9.88698926559115
9.475 1.034595078658021 9.899310891185674
9.485 1.043831334908686 9.911665294448799
9.495000000000001 1.0337865141873555 9.923824142808087
9.505 1.0215861696223552 9.935763547454474
9.515 1.042446854739355 9.947869062658311
9.525 1.0552156849823113 9.960044022075095
9.535 1.0280874285329962 9.971828982792037
9.545 1.043597519960682 9.983713387621966
9.555 1.042879038216575 9.995511126074144
9.565 1.0591253331687112 10.007412753068849
9.575000000000001 1.0652061291777843 10.019302157882096
9.585 1.0468817687928853 10.030907674752827
9.595 1.049464817780047 10.042462080682622
9.605 1.054946770324746 10.053996486679017
9.615 1.0529504905805 10.065428670794
9.625 1.0466150365411233 10.076711966516301
9.635 1.0497565675792297 10.087948595727523
9.645 1.0631555349046067 10.099246891399805
9.655 1.0371689903830108 10.11018907714815
9.665000000000001 1.0381369241624174 10.121061263129736
9.675 1.0465660071351592 10.131940671309454
9.685 1.0385022871389054 10.142655635592925
9.695 1.0421620048268536 10.153327266687457
9.705 1.0422883147714372 10.163918898048678
9.715 1.047228631115969 10.174478862848773
9.725 1.0574292210573644 10.185058827582312
9.735 1.0492860952624918 10.195474903973233
9.745000000000001 1.0421042075187155 10.20573764754194
9.755 1.0348259028365927 10.215847058288206
9.765 1.0444760458173317 10.225968135662413
9.775 1.0507789283049824 10.236066990888343
9.785 1.0503873313092529 10.246078624182823
9.795 1.0420156220311587 10.2559274802422
9.805 1.0354779570308756 10.265631892338511
9.815 1.0400287134491555 10.275295749014543
9.825000000000001 1.0463075630721963 10.284934050220167
9.835 1.031910378570904 10.294356796588726
9.845 1.032377914256916 10.303700654331214
9.855 1.0451378104213505 10.313075623081225
9.865 1.0284647174434196 10.322217814829335
9.875 1.0484671996469557 10.331452784046093
9.885 1.0339777045613578 10.340476087301587
9.895 1.0458411675178831 10.349517723829486
9.905 1.0360905906239428 10.358390472031449
9.915000000000001 1.0379642198393177 10.367194331574108
9.925 1.0530585229803042 10.376039857644644
9.935 1.0340759603068657 10.38464094008545
9.945 1.0387528276541098 10.393195356015164
9.955 1.0445697124091304 10.401711438739277
9.965 1.0455038983694254 10.410148632837515
9.975 1.0395952309108047 10.418451938493183
9.985 1.0560786428216729 10.42679913289142
9.995000000000001 1.0544678727315653 10.435045772069358
10.005 1.063186888757858 10.443271855760326
10.015 1.0480950858023175 10.451293495688192
10.025 1.0472995791954174 10.459221247040105
10.035 1.046511767552764 10.46705510981606
10.045 1.0514363924695875 10.474837306097674
10.055 1.046858187572393 10.48249728056444
10.065 1.0583301946412071 10.490151699494058
10.075000000000001 1.0511363623226793 10.497665007782993
10.085 1.050246855165187 10.505082760834972
10.095 1.060748491028385 10.512484402829473
10.105 1.0482435512846981 10.519709378746215
10.115 1.0627941113400254 10.526943799075932
10.125 1.0572454679963932 10.53404988650019
10.135 1.059201440547878 10.541078196405754
10.145 1.0463939821413772 10.547931506894722
10.155 1.0637031343350312 10.554806483978258
10.165000000000001 1.0773294467598598 10.561676461078363
10.175 1.0770539657269524 10.568451438495082
10.185 1.0574587158640159 10.575011416628527
10.195 1.0579563702186152 10.581482506169365
10.205 1.0482729102213935 10.587803040656523
10.215 1.0261832656339123 10.593900798108518
10.225 1.059451484778123 10.600103555210461
10.235 1.042321866639488 10.606114646284633
10.245000000000001 0.0 0.0
10.255 0.0 0.0
10.265 0.0 0.0
10.275 0.0 0.0
10.285 0.0 0.0
10.295 0.0 0.0
10.305 0.0 0.0
10.315 0.0 0.0
10.325000000000001 0.0 0.0
10.335 0.0 0.0
10.345 0.0 0.0
10.355 0.0 0.0
10.365 0.0 0.0
10.375 0.0 0.0
10.385 0.0 0.0
10.395 0.0 0.0
10.405 0.0 0.0
10.415000000000001 0.0 0.0
10.425 0.0 0.0
10.435 0.0 0.0
10.445 0.0 0.0
10.455 0.0 0.0
10.465 0.0 0.0
10.475 0.0 0.0
10.485 0.0 0.0
10.495000000000001 0.0 0.0
10.505 0.0 0.0
10.515 0.0 0.0
10.525 0.0 0.0
10.535 0.0 0.0
10.545 0.0 0.0
10.555 0.0 0.0
10.565 0.0 0.0
10.575000000000001 0.0 0.0
10.585 0.0 0.0
10.595 0.0 0.0
10.605 0.0 0.0
10.615 0.0 0.0
10.625 0.0 0.0
10.635 0.0 0.0
10.645 0.0 0.0
10.655 0.0 0.0
10.665000000000001 0.0 0.0
10.675 0.0 0.0
10.685 0.0 0.0
10.695 0.0 0.0
10.705 0.0 0.0
10.715 0.0 0.0
10.725 0.0 0.0
10.735 0.0 0.0
10.745000000000001 0.0 0.0
10.755 0.0 0.0
10.765 0.0 0.0
10.775 0.0 0.0
10.785 0.0 0.0
10.795 0.0 0.0
10.805 0.0 0.0
10.815 0.0 0.0
10.825000000000001 0.0 0.0
10.835 0.0 0.0
10.845 0.0 0.0
10.855 0.0 0.0
10.865 0.0 0.0
10.875 0.0 0.0
10.885 0.0 0.0
10.895 0.0 0.0
10.905 0.0 0.0
10.915000000000001 0.0 0.0
10.925 0.0 0.0
10.935 0.0 0.0
10.945 0.0 0.0
10.955 0.0 0.0
10.965 0.0 0.0
10.975 0.0 0.0
10.985 0.0 0.0
10.995000000000001 0.0 0.0
11.005 0.0 0.0
11.015 0.0 0.0
11.025 0.0 0.0
11.035 0.0 0.0
11.045 0.0 0.0
11.055 0.0 0.0
11.065 0.0 0.0
11.075000000000001 0.0 0.0
11.085 0.0 0.0
11.095 0.0 0.0
11.105 0.0 0.0
11.115 0.0 0.0
11.125 0.0 0.0
11.135 0.0 0.0
11.145 0.0 0.0
11.155 0.0 0.0
11.165000000000001 0.0 0.0
11.175 0.0 0.0
11.185 0.0 0.0
11.195 0.0 0.0
11.205 0.0 0.0
11.215 0.0 0.0
11.225 0.0 0.0
11.235 0.0 0.0
11.245000000000001 0.0 0.0
11.255 0.0 0.0
11.265 0.0 0.0
11.275 0.0 0.0
11.285 0.0 0.0
11.295 0.0 0.0
11.305 0.0 0.0
11.315 0.0 0.0
11.325000000000001 0.0 0.0
11.335 0.0 0.0
11.345 0.0 0.0
11.355 0.0 0.0
11.365 0.0 0.0
11.375 0.0 0.0
11.385 0.0 0.0
11.395 0.0 0.0
11.405 0.0 0.0
11.415000000000001 0.0 0.0
11.425 0.0 0.0
11.435 0.0 0.0
11.445 0.0 0.0
11.455 0.0 0.0
11.465 0.0 0.0
11.475 0.0 0.0
11.485 0.0 0.0
11.495000000000001 0.0 0.0
11.505 0.0 0.0
11.515 0.0 0.0
11.525 0.0 0.0
11.535 0.0 0.0
11.545 0.0 0.0
11.555 0.0 0.0
11.565 0.0 0.0
11.575000000000001 0.0 0.0
11.585 0.0 0.0
11.595 0.0 0.0
11.605 0.0 0.0
11.615 0.0 0.0
11.625 0.0 0.0
11.635 0.0 0.0
11.645 0.0 0.0
11.655 0.0 0.0
11.665000000000001 0.0 0.0
11.675 0.0 0.0
11.685 0.0 0.0
11.695 0.0 0.0
11.705 0.0 0.0
11.715 0.0 0.0
11.725 0.0 0.0
11.735 0.0 0.0
11.745000000000001 0.0 0.0
11.755 0.0 0.0
11.765 0.0 0.0
11.775 0.0 0.0
11.785 0.0 0.0
11.795 0.0 0.0
11.805 0.0 0.0
11.815 0.0 0.0
11.825000000000001 0.0 0.0
11.835 0.0 0.0
11.845 0.0 0.0
11.855 0.0 0.0
11.865 0.0 0.0
11.875 0.0 0.0
11.885 0.0 0.0
11.895 0.0 0.0
11.905 0.0 0.0
11.915000000000001 0.0 0.0
11.925 0.0 0.0
11.935 0.0 0.0
11.945 0.0 0.0
11.955 0.0 0.0
11.965 0.0 0.0
11.975 0.0 0.0
11.985 0.0 0.0
11.995000000000001 0.0 0.0
12.005 0.0 0.0
12.015 0.0 0.0
12.025 0.0 0.0
12.035 0.0 0.0
12.045 0.0 0.0
12.055 0.0 0.0
12.065 0.0 0.0
12.075000000000001 0.0 0.0
12.085 0.0 0.0
12.095 0.0 0.0
12.105 0.0 0.0
12.115 0.0 0.0
12.125 0.0 0.0
12.135 0.0 0.0
12.145 0.0 0.0
12.155000000000001 0.0 0.0
12.165000000000001 0.0 0.0
12.175 0.0 0.0
12.185 0.0 0.0
12.195 0.0 0.0
12.205 0.0 0.0
12.215 0.0 0.0
12.225 0.0 0.0
12.235 0.0 0.0
12.245000000000001 0.0 0.0
12.255 0.0 0.0
12.265 0.0 0.0
12.275 0.0 0.0
12.285 0.0 0.0
12.295 0.0 0.0
12.305 0.0 0.0
12.315 0.0 0.0
12.325000000000001 0.0 0.0
12.335 0.0 0.0
12.345 0.0 0.0
12.355 0.0 0.0
12.365 0.0 0.0
12.375 0.0 0.0
12.385 0.0 0.0
12.395 0.0 0.0
12.405000000000001 0.0 0.0
12.415000000000001 0.0 0.0
12.425 0.0 0.0
12.435 0.0 0.0
12.445 0.0 0.0
12.455 0.0 0.0
12.465 0.0 0.0
12.475 0.0 0.0
12.485 0.0 0.0
12.495000000000001 0.0 0.0
12.505 0.0 0.0
12.515 0.0 0.0
12.525 0.0 0.0
12.535 0.0 0.0
12.545 0.0 0.0
12.555 0.0 0.0
12.565 0.0 0.0
12.575000000000001 0.0 0.0
12.585 0.0 0.0
12.595 0.0 0.0
12.605 0.0 0.0
12.615 0.0 0.0
12.625 0.0 0.0
12.635 0.0 0.0
12.645 0.0 0.0
12.655000000000001 0.0 0.0
12.665000000000001 0.0 0.0
12.675 0.0 0.0
12.685 0.0 0.0
12.695 0.0 0.0
12.705 0.0 0.0
12.715 0.0 0.0
12.725 0.0 0.0
12.735 0.0 0.0
12.745000000000001 0.0 0.0
12.755 0.0 0.0
12.765 0.0 0.0
12.775 0.0 0.0
12.785 0.0 0.0
12.795 0.0 0.0
12.805 0.0 0.0
12.815 0.0 0.0
12.825000000000001 0.0 0.0
12.835 0.0 0.0
12.845 0.0 0.0
12.855 0.0 0.0
12.865 0.0 0.0
12.875 0.0 0.0
12.885 0.0 0.0
12.895 0.0 0.0
12.905000000000001 0.0 0.0
12.915000000000001 0.0 0.0
12.925 0.0 0.0
12.935 0.0 0.0
12.945 0.0 0.0
12.955 0.0 0.0
12.965 0.0 0.0
12.975 0.0 0.0
12.985 0.0 0.0
12.995000000000001 0.0 0.0
13.005 0.0 0.0
13.015 0.0 0.0
13.025 0.0 0.0
13.035 0.0 0.0
13.045 0.0 0.0
13.055 0.0 0.0
13.065 0.0 0.0
13.075000000000001 0.0 0.0
13.085 0.0 0.0
13.095 0.0 0.0
13.105 0.0 0.0
13.115 0.0 0.0
13.125 0.0 0.0
13.135 0.0 0.0
13.145 0.0 0.0
13.155000000000001 0.0 0.0
13.165000000000001 0.0 0.0
13.175 0.0 0.0
13.185 0.0 0.0
13.195 0.0 0.0
13.205 0.0 0.0
13.215 0.0 0.0
13.225 0.0 0.0
13.235 0.0 0.0
13.245000000000001 0.0 0.0
13.255 0.0 0.0
13.265 0.0 0.0
13.275 0.0 0.0
13.285 0.0 0.0
13.295 0.0 0.0
13.305 0.0 0.0
13.315 0.0 0.0
13.325000000000001 0.0 0.0
13.335 0.0 0.0
13.345 0.0 0.0
13.355 0.0 0.0
13.365 0.0 0.0
13.375 0.0 0.0
13.385 0.0 0.0
13.395 0.0 0.0
13.405000000000001 0.0 0.0
13.415000000000001 0.0 0.0
13.425 0.0 0.0
13.435 0.0 0.0
13.445 0.0 0.0
13.455 0.0 0.0
13.465 0.0 0.0
13.475 0.0 0.0
13.485 0.0 0.0
13.495000000000001 0.0 0.0
13.505 0.0 0.0
13.515 0.0 0.0
13.525 0.0 0.0
13.535 0.0 0.0
13.545 0.0 0.0
13.555 0.0 0.0
13.565 0.0 0.0
13.575000000000001 0.0 0.0
13.585 0.0 0.0
13.595 0.0 0.0
13.605 0.0 0.0
13.615 0.0 0.0
13.625 0.0 0.0
13.635 0.0 0.0
13.645 0.0 0.0
13.655000000000001 0.0 0.0
13.665000000000001 0.0 0.0
13.675 0.0 0.0
13.685 0.0 0.0
13.695 0.0 0.0
13.705 0.0 0.0
13.715 0.0 0.0
13.725 0.0 0.0
13.735 0.0 0.0
13.745000000000001 0.0 0.0
13.755 0.0 0.0
13.765 0.0 0.0
13.775 0.0 0.0
13.785 0.0 0.0
13.795 0.0 0.0
13.805 0.0 0.0
13.815 0.0 0.0
13.825000000000001 0.0 0.0
13.835 0.0 0.0
13.845 0.0 0.0
13.855 0.0 0.0
13.865 0.0 0.0
13.875 0.0 0.0
13.885 0.0 0.0
13.895 0.0 0.0
13.905000000000001 0.0 0.0
13.915000000000001 0.0 0.0
13.925 0.0 0.0
13.935 0.0 0.0
13.945 0.0 0.0
13.955 0.0 0.0
13.965 0.0 0.0
13.975 0.0 0.0
13.985 0.0 0.0
13.995000000000001 0.0 0.0
14.005 0.0 0.0
14.015 0.0 0.0
14.025 0.0 0.0
14.035 0.0 0.0
14.045 0.0 0.0
14.055 0.0 0.0
14.065 0.0 0.0
14.075000000000001 0.0 0.0
14.085 0.0 0.0
14.095 0.0 0.0
14.105 0.0 0.0
14.115 0.0 0.0
14.125 0.0 0.0
14.135 0.0 0.0
14.145 0.0 0.0
14.155000000000001 0.0 0.0
14.165000000000001 0.0 0.0
14.175 0.0 0.0
14.185 0.0 0.0
14.195 0.0 0.0
14.205 0.0 0.0
14.215 0.0 0.0
14.225 0.0 0.0
14.235 0.0 0.0
14.245000000000001 0.0 0.0
14.255 0.0 0.0
14.265 0.0 0.0
14.275 0.0 0.0
14.285 0.0 0.0
14.295 0.0 0.0
14.305 0.0 0.0
14.315 0.0 0.0
14.325000000000001 0.0 0.0
14.335 0.0 0.0
14.345 0.0 0.0
14.355 0.0 0.0
14.365 0.0 0.0
14.375 0.0 0.0
14.385 0.0 0.0
14.395 0.0 0.0
14.405000000000001 0.0 0.0
14.415000000000001 0.0 0.0
14.425 0.0 0.0
14.435 0.0 0.0
14.445 0.0 0.0
14.455 0.0 0.0
14.465 0.0 0.0
14.475 0.0 0.0
14.485 0.0 0.0
14.495000000000001 0.0 0.0
14.505 0.0 0.0
14.515 0.0 0.0
14.525 0.0 0.0
14.535 0.0 0.0
14.545 0.0 0.0
14.555 0.0 0.0
14.565 0.0 0.0
14.575000000000001 0.0 0.0
14.585 0.0 0.0
14.595 0.0 0.0
14.605 0.0 0.0
14.615 0.0 0.0
14.625 0.0 0.0
14.635 0.0 0.0
14.645 0.0 0.0
14.655000000000001 0.0 0.0
14.665000000000001 0.0 0.0
14.675 0.0 0.0
14.685 0.0 0.0
14.695 0.0 0.0
14.705 0.0 0.0
14.715 0.0 0.0
14.725 0.0 0.0
14.735 0.0 0.0
14.745000000000001 0.0 0.0
14.755 0.0 0.0
14.765 0.0 0.0
14.775 0.0 0.0
14.785 0.0 0.0
14.795 0.0 0.0
14.805 0.0 0.0
14.815 0.0 0.0
14.825000000000001 0.0 0.0
14.835 0.0 0.0
14.845 0.0 0.0
14.855 0.0 0.0
14.865 0.0 0.0
14.875 0.0 0.0
14.885 0.0 0.0
14.895 0.0 0.0
14.905000000000001 0.0 0.0
14.915000000000001 0.0 0.0
14.925 0.0 0.0
14.935 0.0 0.0
14.945 0.0 0.0
14.955 0.0 0.0
14.965 0.0 0.0
14.975 0.0 0.0
14.985 0.0 0.0
14.995000000000001 0.0 0.0
15.005 0.0 0.0
15.015 0.0 0.0
15.025 0.0 0.0
15.035 0.0 0.0
15.045 0.0 0.0
15.055 0.0 0.0
15.065 0.0 0.0
15.075000000000001 0.0 0.0
15.085 0.0 0.0
15.095 0.0 0.0
15.105 0.0 0.0
15.115 0.0 0.0
15.125 0.0 0.0
15.135 0.0 0.0
15.145 0.0 0.0
15.155000000000001 0.0 0.0
15.165000000000001 0.0 0.0
15.175 0.0 0.0
15.185 0.0 0.0
15.195 0.0 0.0
15.205 0.0 0.0
15.215 0.0 0.0
15.225 0.0 0.0
15.235 0.0 0.0
15.245000000000001 0.0 0.0
15.255 0.0 0.0
15.265 0.0 0.0
15.275 0.0 0.0
15.285 0.0 0.0
15.295 0.0 0.0
15.305 0.0 0.0
15.315 0.0 0.0
15.325000000000001 0.0 0.0
15.335 0.0 0.0
15.345 0.0 0.0
15.355 0.0 0.0
15.365 0.0 0.0
15.375 0.0 0.0
15.385 0.0 0.0
15.395 0.0 0.0
15.405000000000001 0.0 0.0
15.415000000000001 0.0 0.0
15.425 0.0 0.0
15.435 0.0 0.0
15.445 0.0 0.0
15.455 0.0 0.0
15.465 0.0 0.0
15.475 0.0 0.0
15.485000000000001 0.0 0.0
15.495000000000001 0.0 0.0
15.505 0.0 0.0
15.515 0.0 0.0
15.525 0.0 0.0
15.535 0.0 0.0
15.545 0.0 0.0
15.555 0.0 0.0
15.565 0.0 0.0
15.575000000000001 0.0 0.0
15.585 0.0 0.0
15.595 0.0 0.0
15.605 0.0 0.0
15.615 0.0 0.0
15.625 0.0 0.0
15.635 0.0 0.0
15.645 0.0 0.0
15.655000000000001 0.0 0.0
15.665000000000001 0.0 0.0
15.675 0.0 0.0
15.685 0.0 0.0
15.695 0.0 0.0
15.705 0.0 0.0
15.715 0.0 0.0
15.725 0.0 0.0
15.735000000000001 0.0 0.0
15.745000000000001 0.0 0.0
15.755 0.0 0.0
15.765 0.0 0.0
15.775 0.0 0.0
15.785 0.0 0.0
15.795 0.0 0.0
15.805 0.0 0.0
15.815 0.0 0.0
15.825000000000001 0.0 0.0
15.835 0.0 0.0
15.845 0.0 0.0
15.855 0.0 0.0
15.865 0.0 0.0
15.875 0.0 0.0
15.885 0.0 0.0
15.895 0.0 0.0
15.905000000000001 0.0 0.0
15.915000000000001 0.0 0.0
15.925 0.0 0.0
15.935 0.0 0.0
15.945 0.0 0.0
15.955 0.0 0.0
15.965 0.0 0.0
15.975 0.0 0.0
15.985000000000001 0.0 0.0
15.995000000000001 0.0 0.0
16.005 0.0 0.0
16.015 0.0 0.0
16.025 0.0 0.0
16.035 0.0 0.0
16.045 0.0 0.0
16.055 0.0 0.0
16.065 0.0 0.0
16.075 0.0 0.0
16.085 0.0 0.0
16.095 0.0 0.0
16.105 0.0 0.0
16.115000000000002 0.0 0.0
16.125 0.0 0.0
16.135 0.0 0.0
16.145 0.0 0.0
16.155 0.0 0.0
16.165 0.0 0.0
16.175 0.0 0.0
16.185 0.0 0.0
16.195 0.0 0.0
16.205000000000002 0.0 0.0
16.215 0.0 0.0
16.225 0.0 0.0
16.235 0.0 0.0
16.245 0.0 0.0
16.255 0.0 0.0
16.265 0.0 0.0
16.275 0.0 0.0
16.285 0.0 0.0
16.295 0.0 0.0
16.305 0.0 0.0
16.315 0.0 0.0
16.325 0.0 0.0
16.335 0.0 0.0
16.345 0.0 0.0
16.355 0.0 0.0
16.365000000000002 0.0 0.0
16.375 0.0 0.0
16.385 0.0 0.0
16.395 0.0 0.0
16.405 0.0 0.0
16.415 0.0 0.0
16.425 0.0 0.0
16.435 0.0 0.0
16.445 0.0 0.0
16.455000000000002 0.0 0.0
16.465 0.0 0.0
16.475 0.0 0.0
16.485 0.0 0.0
16.495 0.0 0.0
16.505 0.0 0.0
16.515 0.0 0.0
16.525 0.0 0.0
16.535 0.0 0.0
16.545 0.0 0.0
16.555 0.0 0.0
16.565 0.0 0.0
16.575 0.0 0.0
16.585 0.0 0.0
16.595 0.0 0.0
16.605 0.0 0.0
16.615000000000002 0.0 0.0
16.625 0.0 0.0
16.635 0.0 0.0
16.645 0.0 0.0
16.655 0.0 0.0
16.665 0.0 0.0
16.675 0.0 0.0
16.685 0.0 0.0
16.695 0.0 0.0
16.705000000000002 0.0 0.0
16.715 0.0 0.0
16.725 0.0 0.0
16.735 0.0 0.0
16.745 0.0 0.0
16.755 0.0 0.0
16.765 0.0 0.0
16.775 0.0 0.0
16.785 0.0 0.0
16.795 0.0 0.0
16.805 0.0 0.0
16.815 0.0 0.0
16.825 0.0 0.0
16.835 0.0 0.0
16.845 0.0 0.0
16.855 0.0 0.0
16.865000000000002 0.0 0.0
16.875 0.0 0.0
16.885 0.0 0.0
16.895 0.0 0.0
16.905 0.0 0.0
16.915 0.0 0.0
16.925 0.0 0.0
16.935 0.0 0.0
16.945 0.0 0.0
16.955000000000002 0.0 0.0
16.965 0.0 0.0
16.975 0.0 0.0
16.985 0.0 0.0
16.995 0.0 0.0
17.005 0.0 0.0
17.015 0.0 0.0
17.025 0.0 0.0
17.035 0.0 0.0
17.045 0.0 0.0
17.055 0.0 0.0
17.065 0.0 0.0
17.075 0.0 0.0
17.085 0.0 0.0
17.095 0.0 0.0
17.105 0.0 0.0
17.115000000000002 0.0 0.0
17.125 0.0 0.0
17.135 0.0 0.0
17.145 0.0 0.0
17.155 0.0 0.0
17.165 0.0 0.0
17.175 0.0 0.0
17.185 0.0 0.0
17.195 0.0 0.0
17.205000000000002 0.0 0.0
17.215 0.0 0.0
17.225 0.0 0.0
17.235 0.0 0.0
17.245 0.0 0.0
17.255 0.0 0.0
17.265 0.0 0.0
17.275000000000002 0.0 0.0
17.285 0.0 0.0
17.295 0.0 0.0
17.305 0.0 0.0
17.315 0.0 0.0
17.325 0.0 0.0
17.335 0.0 0.0
17.345 0.0 0.0
17.355 0.0 0.0
17.365000000000002 0.0 0.0
17.375 0.0 0.0
17.385 0.0 0.0
17.395 0.0 0.0
17.405 0.0 0.0
17.415 0.0 0.0
17.425 0.0 0.0
17.435 0.0 0.0
17.445 0.0 0.0
17.455000000000002 0.0 0.0
17.465 0.0 0.0
17.475 0.0 0.0
17.485 0.0 0.0
17.495 0.0 0.0
17.505 0.0 0.0
17.515 0.0 0.0
17.525000000000002 0.0 0.0
17.535 0.0 0.0
17.545 0.0 0.0
17.555 0.0 0.0
17.565 0.0 0.0
17.575 0.0 0.0
17.585 0.0 0.0
17.595 0.0 0.0
17.605 0.0 0.0
17.615000000000002 0.0 0.0
17.625 0.0 0.0
17.635 0.0 0.0
17.645 0.0 0.0
17.655 0.0 0.0
17.665 0.0 0.0
17.675 0.0 0.0
17.685 0.0 0.0
17.695 0.0 0.0
17.705000000000002 0.0 0.0
17.715 0.0 0.0
17.725 0.0 0.0
17.735 0.0 0.0
17.745 0.0 0.0
17.755 0.0 0.0
17.765 0.0 0.0
17.775000000000002 0.0 0.0
17.785 0.0 0.0
17.795 0.0 0.0
17.805 0.0 0.0
17.815 0.0 0.0
17.825 0.0 0.0
17.835 0.0 0.0
17.845 0.0 0.0
17.855 0.0 0.0
17.865000000000002 0.0 0.0
17.875 0.0 0.0
17.885 0.0 0.0
17.895 0.0 0.0
17.905 0.0 0.0
17.915 0.0 0.0
17.925 0.0 0.0
17.935 0.0 0.0
17.945 0.0 0.0
17.955000000000002 0.0 0.0
17.965 0.0 0.0
17.975 0.0 0.0
17.985 0.0 0.0
17.995 0.0 0.0
18.005 0.0 0.0
18.015 0.0 0.0
18.025000000000002 0.0 0.0
18.035 0.0 0.0
18.045 0.0 0.0
18.055 0.0 0.0
18.065 0.0 0.0
18.075 0.0 0.0
18.085 0.0 0.0
18.095 0.0 0.0
18.105 0.0 0.0
18.115000000000002 0.0 0.0
18.125 0.0 0.0
18.135 0.0 0.0
18.145 0.0 0.0
18.155 0.0 0.0
18.165 0.0 0.0
18.175 0.0 0.0
18.185 0.0 0.0
18.195 0.0 0.0
18.205000000000002 0.0 0.0
18.215 0.0 0.0
18.225 0.0 0.0
18.235 0.0 0.0
18.245 0.0 0.0
18.255 0.0 0.0
18.265 0.0 0.0
18.275000000000002 0.0 0.0
18.285 0.0 0.0
18.295 0.0 0.0
18.305 0.0 0.0
18.315 0.0 0.0
18.325 0.0 0.0
18.335 0.0 0.0
18.345 0.0 0.0
18.355 0.0 0.0
18.365000000000002 0.0 0.0
18.375 0.0 0.0
18.385 0.0 0.0
18.395 0.0 0.0
18.405 0.0 0.0
18.415 0.0 0.0
18.425 0.0 0.0
18.435 0.0 0.0
18.445 0.0 0.0
18.455000000000002 0.0 0.0
18.465 0.0 0.0
18.475 0.0 0.0
18.485 0.0 0.0
18.495 0.0 0.0
18.505 0.0 0.0
18.515 0.0 0.0
18.525000000000002 0.0 0.0
18.535 0.0 0.0
18.545 0.0 0.0
18.555 0.0 0.0
18.565 0.0 0.0
18.575 0.0 0.0
18.585 0.0 0.0
18.595 0.0 0.0
18.605 0.0 0.0
18.615000000000002 0.0 0.0
18.625 0.0 0.0
18.635 0.0 0.0
18.645 0.0 0.0
18.655 0.0 0.0
18.665 0.0 0.0
18.675 0.0 0.0
18.685 0.0 0.0
18.695 0.0 0.0
18.705000000000002 0.0 0.0
18.715 0.0 0.0
18.725 0.0 0.0
18.735 0.0 0.0
18.745 0.0 0.0
18.755 0.0 0.0
18.765 0.0 0.0
18.775000000000002 0.0 0.0
18.785 0.0 0.0
18.795 0.0 0.0
18.805 0.0 0.0
18.815 0.0 0.0
18.825 0.0 0.0
18.835 0.0 0.0
18.845 0.0 0.0
18.855 0.0 0.0
18.865000000000002 0.0 0.0
18.875 0.0 0.0
18.885 0.0 0.0
18.895 0.0 0.0
18.905 0.0 0.0
18.915 0.0 0.0
18.925 0.0 0.0
18.935 0.0 0.0
18.945 0.0 0.0
18.955000000000002 0.0 0.0
18.965 0.0 0.0
18.975 0.0 0.0
18.985 0.0 0.0
18.995 0.0 0.0
19.005 0.0 0.0
19.015 0.0 0.0
19.025000000000002 0.0 0.0
19.035 0.0 0.0
19.045 0.0 0.0
19.055 0.0 0.0
19.065 0.0 0.0
19.075 0.0 0.0
19.085 0.0 0.0
19.095 0.0 0.0
19.105 0.0 0.0
19.115000000000002 0.0 0.0
19.125 0.0 0.0
19.135 0.0 0.0
19.145 0.0 0.0
19.155 0.0 0.0
19.165 0.0 0.0
19.175 0.0 0.0
19.185 0.0 0.0
19.195 0.0 0.0
19.205000000000002 0.0 0.0
19.215 0.0 0.0
19.225 0.0 0.0
19.235 0.0 0.0
19.245 0.0 0.0
19.255 0.0 0.0
19.265 0.0 0.0
19.275000000000002 0.0 0.0
19.285 0.0 0.0
19.295 0.0 0.0
19.305 0.0 0.0
19.315 0.0 0.0
19.325 0.0 0.0
19.335 0.0 0.0
19.345 0.0 0.0
19.355 0.0 0.0
19.365000000000002 0.0 0.0
19.375 0.0 0.0
19.385 0.0 0.0
19.395 0.0 0.0
19.405 0.0 0.0
19.415 0.0 0.0
19.425 0.0 0.0
19.435 0.0 0.0
19.445 0.0 0.0
19.455000000000002 0.0 0.0
19.465 0.0 0.0
19.475 0.0 0.0
19.485 0.0 0.0
19.495 0.0 0.0
19.505 0.0 0.0
19.515 0.0 0.0
19.525000000000002 0.0 0.0
19.535 0.0 0.0
19.545 0.0 0.0
19.555 0.0 0.0
19.565 0.0 0.0
19.575 0.0 0.0
19.585 0.0 0.0
19.595 0.0 0.0
19.605 0.0 0.0
19.615000000000002 0.0 0.0
19.625 0.0 0.0
19.635 0.0 0.0
19.645 0.0 0.0
19.655 0.0 0.0
19.665 0.0 0.0
19.675 0.0 0.0
19.685 0.0 0.0
19.695 0.0 0.0
19.705000000000002 0.0 0.0
19.715 0.0 0.0
19.725 0.0 0.0
19.735 0.0 0.0
19.745 0.0 0.0
19.755 0.0 0.0
19.765 0.0 0.0
19.775000000000002 0.0 0.0
19.785 0.0 0.0
19.795 0.0 0.0
19.805 0.0 0.0
19.815 0.0 0.0
19.825 0.0 0.0
19.835 0.0 0.0
19.845 0.0 0.0
19.855 0.0 0.0
19.865000000000002 0.0 0.0
19.875 0.0 0.0
19.885 0.0 0.0
19.895 0.0 0.0
19.905 0.0 0.0
19.915 0.0 0.0
19.925 0.0 0.0
19.935 0.0 0.0
19.945 0.0 0.0
19.955000000000002 0.0 0.0
19.965 0.0 0.0
19.975 0.0 0.0
19.985 0.0 0.0
19.995 0.0 0.0
20.005 0.0 0.0
