0.1	677.9164456216727	163.75529162438426	105.4274718870988
0.11	674.1486918389736	162.85078737276814	105.14106997170451
0.12000000000000001	670.3809380562744	161.94628312115202	104.85466805631023
0.13	666.6131842735753	161.0417788695359	104.56826614091595
0.14	662.8454304908761	160.13727461791981	104.28186422552169
0.15000000000000002	659.077676708177	159.2327703663037	103.9954623101274
0.16	655.309922925478	158.32826611468764	103.7090603947331
0.17	651.5421691427788	157.42376186307155	103.42265847933882
0.18	647.7744153600798	156.51925761145546	103.13625656394456
0.19	644.0066615773807	155.61475335983937	102.84985464855029
0.2	640.2389077946815	154.71024910822325	102.563452733156
0.21000000000000002	636.4711540119824	153.80574485660713	102.27705081776172
0.22	632.7034002292833	152.90124060499102	101.99064890236745
0.23	628.9356464465842	151.9967363533749	101.70424698697317
0.24000000000000002	625.1678926638851	151.09223210175878	101.41784507157888
0.25	621.400138881186	150.1877278501427	101.1314431561846
0.26	617.6323850984869	149.28322359852658	100.84504124079032
0.27	613.8646313157878	148.37871934691046	100.55863932539606
0.28	610.0968775330887	147.4742150952944	100.27223741000178
0.29000000000000004	606.3291237503895	146.56971084367828	99.98583549460749
0.30000000000000004	602.5613699676903	145.6652065920622	99.6994335792132
0.31	598.7936161849912	144.76070234044607	99.41303166381894
0.32	595.0258624022921	143.85619808882998	99.12662974842466
0.33	591.2581086195929	142.95169383721392	98.84022783303037
0.33999999999999997	587.4903548368939	142.04718958559783	98.55382591763609
0.35	583.7226010541947	141.14268533398172	98.26742400224182
0.36	579.9548472714956	140.2381810823656	97.98102208684755
0.37	576.1870934887966	139.33367683074948	97.69462017145327
0.38	572.4193397060974	138.4291725791334	97.40821825605899
0.39	568.6515859233983	137.52466832751728	97.12181634066471
0.4	564.8838321406993	136.62016407590116	96.83541442527043
0.41000000000000003	561.1160783580001	135.71565982428504	96.54901250987614
0.42000000000000004	557.3483245753009	134.81115557266892	96.26261059448186
0.43000000000000005	553.5805707926017	133.90665132105283	95.97620867908759
0.44000000000000006	549.8128170099027	133.00214706943675	95.6898067636933
0.45000000000000007	546.0450632272036	132.09764281782066	95.40340484829902
0.45999999999999996	542.2773094445045	131.1931385662046	95.11700293290475
0.47	538.5095556618054	130.2886343145885	94.83060101751046
0.48	534.7418018791063	129.3841300629724	94.54419910211618
0.49	530.9740480964072	128.47962581135627	94.25779718672192
0.5	527.2062943137081	127.57512155974017	93.97139527132764
0.51	523.4385405310089	126.67061730812405	93.68499335593336
0.52	519.6707867483098	125.76611305650793	93.39859144053906
0.53	515.9030329656107	124.86160880489182	93.11218952514479
0.54	512.1352791829116	123.95710455327571	92.8257876097505
0.55	508.36752540021246	123.05260030165961	92.53938569435624
0.56	504.59977161751345	122.1480960500435	92.25298377896196
0.5700000000000001	500.83201783481434	121.24359179842742	91.96658186356767
0.58	497.0642640521152	120.33908754681133	91.68017994817339
0.59	493.2965102694161	119.43458329519522	91.39377803277912
0.6	489.52875648671693	118.53007904357914	91.10737611738485
0.61	485.7610027040177	117.62557479196305	90.82097420199055
0.62	481.9932489213186	116.72107054034694	90.53457228659627
0.63	478.2254951386195	115.81656628873084	90.24817037120201
0.64	474.45774135592046	114.91206203711474	89.96176845580773
0.65	470.68998757322134	114.00755778549862	89.67536654041344
0.66	466.92223379052217	113.1030535338825	89.38896462501916
0.67	463.154480007823	112.1985492822664	89.10256270962489
0.6799999999999999	459.38672622512405	111.2940450306503	88.81616079423064
0.69	455.6189724424249	110.38954077903418	88.52975887883633
0.7	451.85121865972576	109.48503652741809	88.24335696344204
0.71	448.0834648770267	108.58053227580201	87.95695504804777
0.72	444.3157110943275	107.67602802418588	87.6705531326535
0.73	440.5479573116284	106.7715237725698	87.3841512172592
0.74	436.7802035289293	105.8670195209537	87.09774930186492
0.75	433.0124497462301	104.9625152693376	86.81134738647066
0.76	429.244695963531	104.05801101772151	86.52494547107636
0.77	425.476942180832	103.15350676610541	86.2385435556821
0.78	421.7091883981328	102.24900251448929	85.95214164028783
0.79	417.94143461543365	101.34449826287317	85.66573972489356
0.8	414.173677507669	100.43980488539954	85.37933448443374
0.8099999999999999	410.40594720194775	99.53663597695922	85.09295604601728
0.82	406.63827221322566	98.63661343505757	84.80663292459997
0.83	402.8706443799782	97.73927304168066	84.52035695865735
0.84	399.1030556414405	96.84415630990122	84.23412008742453
0.85	395.3354947125418	95.95062135802098	83.94791102583066
0.86	391.5679470839052	95.05784290957081	83.6617152644989
0.87	387.8003950218479	94.1648122933106	83.37551506974641
0.88	384.0328175683811	93.2703374432294	83.08928948358447
0.89	380.26519054121013	92.37304289854524	82.80301432371834
0.9	376.497485191624	91.47157282129128	82.51666084143712
0.91	372.72968304904856	90.56234549877348	82.23021056616648
0.92	368.96176176788333	89.64169425629582	81.94364115230601
0.93	365.193680974339	88.70800836988562	81.65691222606652
0.94	361.4253971109906	87.75948756875124	81.36998023002289
0.95	357.65686209466656	86.79434505286802	81.08279708100369
0.96	353.8880233164493	85.81080749297844	80.79531017009133
0.97	350.11882364167514	84.80711503059196	80.50746236262204
0.98	346.3492014099341	83.78152127798505	80.21919199818576
0.99	342.57909043506976	82.73229331820122	79.93043289062626
1.	338.8084297651767	81.65848484361646	79.64112408803811
1.01	335.0370557311182	80.55138477483669	79.35110192128437
1.02	331.2648048701306	79.40267035829683	79.06020292760162
1.03	327.4916168494293	78.21256026386003	78.76836677420515
1.04	323.7174265147259	76.98126320371514	78.47552830680652
1.05	319.94217365022513	75.70975107094222	78.18162730961062
1.06	316.16580297862527	74.39975893951225	77.88660850531566
1.07	312.388264161118	73.05378506428741	77.59042155511327
1.08	308.60951179738805	71.67509088102095	77.2930210586883
1.09	304.8295054256139	70.26770100635729	76.99436655421898
1.1	301.0482104306399	68.83562721917156	76.6944234265498
1.11	297.2655879990344	67.3914516972673	76.39315286224902
1.12	293.481604696185	65.94814354786746	76.0905214267045
1.1300000000000001	289.69624204339505	64.51087533810548	75.78651064121942
1.1400000000000001	285.9094864729407	63.08560633172285	75.48110693806989
1.1500000000000001	282.1213302362438	61.67830647040872	75.17430256867782
1.1600000000000001	278.33177140387204	60.29495637380005	74.86609560361097
1.1700000000000002	274.5408138655391	58.94154733948158	74.55648993258292
1.1800000000000002	270.74846733010446	57.62408134298578	74.24549526445303
1.1900000000000002	266.95474732557307	56.34857103779279	73.93312712722648
1.2000000000000002	263.15966840847966	55.119908528317865	73.61940007743793
1.2100000000000002	259.3633192722212	53.95437742626334	73.30440280848427
1.2200000000000002	255.5657911369203	52.8677235475762	72.98822654048823
1.2300000000000002	251.7671061392889	51.863225609405625	72.67089341016161
1.2400000000000002	247.96729244096076	50.94420728645499	72.35243157913831
1.2500000000000002	244.16637743787547	50.11290598396928	72.03286844335796
1.26	240.3643877602785	49.37047283773502	71.71223063306574
1.27	236.56134927272052	48.71697271408021	71.39054401281258
1.28	232.75728707405813	48.151384209874436	71.06783368145507
1.29	228.9522254974536	47.671599652528826	70.74412397215545
1.3	225.146188299779	47.275485121936875	70.41943864178567
1.31	221.33919656669258	46.949155965371546	70.09379877600404
1.32	217.5312707099905	46.67815521067925	69.76722478660676
1.33	213.72243246495856	46.45863197947382	69.43973840887963
1.34	209.9127027954484	46.28561700203367	69.11136060667447
1.35	206.10210208328238	46.15408263924256	68.78211176181328
1.36	202.29065012825274	46.05894288258961	68.45201167408838
1.37	198.4783661481216	45.99505335416929	68.12107956126214
1.3800000000000001	194.66526877862174	45.95721130668145	67.78933405906713
1.3900000000000001	190.85137607345587	45.940155623431295	67.45679322120613
1.4000000000000001	187.03670568737013	45.939151094606125	67.12347470242517
1.4100000000000001	183.2212728512543	45.943525967547714	66.78939373361412
1.4200000000000002	179.40509230273096	45.9428334056707	66.45456505239571
1.4300000000000002	175.5881802167451	45.933012947380995	66.11900483371465
1.4400000000000002	171.7705521806638	45.9099280563482	65.78272866493823
1.4500000000000002	167.95222337734998	45.86995039778226	65.44575172892931
1.4600000000000002	164.1332085851621	45.809959838433535	65.10808880404635
1.4700000000000002	160.3135221779544	45.72734444659277	64.76975426414347
1.4800000000000002	156.49317812507658	45.62000049209108	64.43076207857038
1.4900000000000002	152.67218999137367	45.48633244629998	64.09112581217238
1.5000000000000002	148.8505710570562	45.32469587997828	63.75085874515975
1.51	145.02833299187222	45.13955935072295	63.40997254728057
1.52	141.20548711918374	44.935629507536504	63.06847854189696
1.53	137.38204568004332	44.711976195394435	62.726388970061365
1.54	133.5580205073665	44.46819434269603	62.383715664689426
1.55	129.73342314580145	44.203846859111295	62.04047017042927
1.56	125.90826485172886	43.918464635580975	61.69666374366154
1.57	122.08255659326194	43.611546544316546	61.352307352499416
1.58	118.25630905024627	43.282559438800185	61.00741167678855
1.59	114.42953261425998	42.930938153784794	60.661987108107084
1.6	110.60383308897364	42.55622377227017	60.31604383051977
1.61	106.76476227707865	42.156534308948615	59.969590927389135
1.62	102.89864536590063	41.73002279831708	59.6226372329637
1.6300000000000001	99.00940831301304	41.27633538278919	59.27519218396613
1.6400000000000001	95.10092843316545	40.79508199614091	58.927264926404575
1.6500000000000001	91.17863009864351	40.2859746304867	58.57886439632658
1.6600000000000001	87.24948473926868	39.748827336279525	58.22999931981917
1.6700000000000002	83.32201084239867	39.183556222310834	57.880678213008835
1.6800000000000002	79.4062739529274	38.59017945571062	57.53090938206156
1.6900000000000002	75.51388667328449	37.96881726194733	57.18070092318279
1.7000000000000002	71.6548174799948	37.31982240870402	56.830060778388166
1.7100000000000002	67.87268714658572	36.64233697512765	56.47899611864511
1.7200000000000002	64.21111626366434	35.935668363613274	56.12751393200089
1.7300000000000002	60.68007275899503	35.20066531158831	55.77562161171066
1.7400000000000002	57.291168320406825	34.438274660761834	55.42332633937907
1.7500000000000002	54.05446721235237	33.64967184100063	55.07063514073097
1.7600000000000002	50.97848627590757	32.83626087032918	54.71755488561135
1.77	48.07019492877261	31.999674354929827	54.36409228798547
1.78	45.335015165270946	31.14177348914258	54.010253905938825
1.79	42.77682155634961	30.26464805546518	53.65604614167706
1.8	40.3981407413977	29.37031450641207	53.301475280893655
1.81	38.19794492783133	28.46405536213487	52.94654705734039
1.82	36.173755622996296	27.55123534638981	52.591267067976574
1.83	34.32374736607011	26.634117522504848	52.23564118811829
1.84	32.64454122764724	25.715202691000265	51.87967513600884
1.85	31.13140430155765	24.796927471447713	51.52337451218643
1.86	29.77824970486659	23.881664302470057	51.16674479948408
1.87	28.57763657787462	22.971721441741458	50.80979136302966
1.8800000000000001	27.52077008411771	22.069342965987392	50.452519450245916
1.8900000000000001	26.59750141036714	21.176708770984618	50.09493419085043
1.9000000000000001	25.799120129272506	20.2957982185865	49.737040625188406
1.9100000000000001	25.08746897618941	19.42989828326094	49.378843390855295
1.9200000000000002	24.424390582505406	18.58216564799397	49.02034702147852
1.9300000000000002	23.80117420896591	17.754188800193308	48.66155624549907
1.9400000000000002	23.207670522501903	16.9474961782263	48.30247567279424
1.9500000000000002	22.635083958872883	16.1634198184452	47.94310982301034
1.9600000000000002	22.075972722666908	15.403095355187261	47.583463125562695
1.9700000000000002	21.52424878730058	14.667462020774709	47.2235399196357
1.9800000000000002	20.975177895018994	13.957262645514657	46.86334445418272
1.9900000000000002	20.42537955689579	13.273043657699173	46.502880887926175
2.	19.87123898658068	12.615299212566748	46.142153310104646
2.0100000000000002	19.326472075516687	11.982877038638295	45.78116551099735
2.02	18.8053785124591	11.374498343128323	45.419921200711805
2.03	18.306094902994026	10.790277717355757	45.058424227971216
2.04	17.828159744755865	10.230128983080165	44.696678350639104
2.05	17.370925361174848	9.693909321463222	44.33468725646644
2.06	16.933557901476853	9.181419273068522	43.9724545630915
2.07	16.515037340683666	8.692402737861844	43.60998381804013
2.08	16.11415747961273	8.226546975210912	43.24727849872548
2.09	15.72952594487735	7.783482603885574	42.88434201244817
2.1	15.360043749498127	7.362849821513263	42.52117771182686
2.1100000000000003	14.999601061896024	6.9635659772670655	42.15778872412596
2.12	14.642134390523708	6.58452388612483	41.79417811397885
2.1300000000000003	14.286683768496847	6.22529014312828	41.430349046111
2.14	13.93208852258724	5.885372696071117	41.066304614667736
2.15	13.57746683383422	5.564287064954443	40.702047858644825
2.16	13.222215737544763	5.261556341986867	40.337581761888494
2.17	12.866011123293514	4.976711191584534	39.97290925309548
2.18	12.508807734922646	4.709289850370997	39.60803320581292
2.19	12.15083917054205	4.458838127177369	39.24295643843851
2.2	11.792211980725908	4.224897713023503	38.87768172585943
2.21	11.43739518845796	4.007135479809731	38.51221167071684
2.22	11.0909398701152	3.805220203755978	38.1465488261455
2.23	10.753198736451804	3.6186992888410368	37.78069581851372
2.24	10.424815652544176	3.4471280654941525	37.414655218687486
2.25	10.106319735987743	3.290058100576365	37.048429553669706
2.2600000000000002	9.79812535689691	3.1470371973804774	36.68202130660014
2.27	9.50053213790515	3.017609395631106	36.31543291675549
2.2800000000000002	9.213724954164872	2.9013149714846165	35.948666779549285
2.29	8.93777393334756	2.797690437529183	35.58172524653201
2.3000000000000003	8.67270347366979	2.70628022657573	35.21461063428304
2.31	8.41772886269494	2.6265074618484854	34.8473251260586
2.3200000000000003	8.171984103790768	2.5577971678718048	34.479870865563065
2.33	7.935249742587148	2.499699481357058	34.11225005072055
2.3400000000000003	7.707189485777584	2.4517604213931126	33.74446483532251
2.35	7.48741921914545	2.41353357323735	33.37651733792004
2.3600000000000003	7.275507007563933	2.384580088315652	33.00840964182375
2.37	7.070973094996043	2.3644686842224036	32.640143795103775
2.3800000000000003	6.873289904494592	2.352775644720493	32.27172181058979
2.39	6.681882038202286	2.3490848197413157	31.903145665871108
2.4000000000000004	6.496286266115082	2.352983727717481	31.534417310169594
2.41	6.314381953395136	2.3641066661452426	31.165538588318842
2.42	6.134078214603984	2.3820936089112803	30.79651131324436
2.43	5.955001067935802	2.406549103619481	30.42733733844396
2.44	5.776723862530284	2.4370853821533593	30.05801848196683
2.45	5.598927267236064	2.4733184630087823	29.68855653328649
2.46	5.4213992706107845	2.5148681512939564	29.318953253300915
2.47	5.244035180921033	2.561358038729441	28.949210374332417
2.48	5.066837626142403	2.612415503648133	28.57932960012781
2.49	4.889916553959442	2.667671710995283	28.209312605858244
2.5	4.713335699768059	2.726767453994007	27.839161043488946
2.5100000000000002	4.538810743618974	2.7892885417841913	27.468876482387703
2.52	4.368090245515483	2.85482740244074	27.098460465950236
2.5300000000000002	4.20133658071112	2.9230446859918517	26.727914568225323
2.54	4.038824096653212	2.993604652057886	26.35724033452352
2.5500000000000003	3.880785580985175	3.066181011516921	25.986439286786652
2.56	3.727412261546582	3.1404569265047244	25.61551292358795
2.5700000000000003	3.5788538063730972	3.2161250104147783	25.244462720131892
2.58	3.4352183236965352	3.2928873278982556	24.873290128254357
2.5900000000000003	3.296572361944798	3.3704553948640523	24.50199657642246
2.6	3.16297791892074	3.44855212488166	24.13058347397121
2.6100000000000003	3.034083097854885	3.5268903007853316	23.759052164245535
2.62	2.9095123860181458	3.6051931003775244	23.387403969275763
2.6300000000000003	2.7892569333345127	3.6832146221323607	23.015640234452956
2.64	2.6732652084338535	3.7607183567997464	22.643762281671197
2.6500000000000004	2.5614800078306557	3.8374791338083165	22.271771413563883
2.66	2.453838455924079	3.9132831212654002	21.899668913503916
2.67	2.3502720049979184	3.987927825957044	21.52745604560357
2.68	2.250706435220609	4.061222093348011	21.155134054714498
2.69	2.155061854645255	4.1329861075817576	20.78270416642785
2.7	2.0632585434619184	4.203049442796983	20.410247188919893
2.71	1.975152313024911	4.27127261674794	20.037043068294135
2.72	1.8905961361500623	4.337526541051367	19.662410326227747
2.73	1.8095017774120563	4.401671971433381	19.286545497618295
2.74	1.7317751521716578	4.4635810613498315	18.909642685925558
2.75	1.6573221708280608	4.523135413302808	18.53197316501741
2.7600000000000002	1.586048738818876	4.580226078840642	18.153885379169754
2.77	1.5178607566201472	4.634753558557902	17.77580494306662
2.7800000000000002	1.4526641197463286	4.686627802095411	17.39823464180004
2.79	1.3903647187503074	4.735768208140223	17.02175443087016
2.8000000000000003	1.3308703880495492	4.782105571154946	16.646923641880537
2.81	1.2740693507276304	4.8255605493717635	16.275362646816372
2.8200000000000003	1.2198507697919456	4.86606419393787	15.908721572650403
2.83	1.1681252994314766	4.90357847806086	15.54764901594922
2.8400000000000003	1.1188035298182848	4.938074765002779	15.192873707151207
2.85	1.0717979359336895	4.9695357548094155	14.845106716262059
2.8600000000000003	1.0270228775682488	4.997955484310319	14.505041452854648
2.87	0.9843945993217775	5.023339327118786	14.17335366606914
2.8800000000000003	0.9438312306033353	5.045703993631865	13.85070144461292
2.89	0.9052527856312418	5.065077531030352	13.537725216760693
2.9000000000000004	0.8685850596397217	5.081489583728254	13.234909616632985
2.91	0.8337165344718444	5.095079118704582	12.944111326871688
2.92	0.8005394658498269	5.105991717515773	12.667102395760438
2.93	0.7689909706453439	5.11427686830811	12.404113554345033
2.94	0.739009932472455	5.119995691149523	12.15536205910891
2.95	0.7105408978942622	5.12321119847904	11.920913558251714
2.96	0.6835340764229212	5.123988295106792	11.70068209168938
2.97	0.657945340519631	5.122393778214012	11.494430091054063
2.98	0.6337362255946426	5.1184963373530294	11.301768379694204
2.99	0.6108739300072533	5.112366554447275	11.122156172674485
3.	0.5893235243062821	5.104069112304763	10.955091171474445
3.0100000000000002	0.5691341217521139	5.093748973181116	10.798007001412977
3.02	0.5503567212162346	5.081549214012629	10.648277846651865
3.0300000000000002	0.5329620500807466	5.0675288616493095	10.505223085199187
3.04	0.5169267347604252	5.0517490714179205	10.368004726333885
3.0500000000000003	0.5022255099431856	5.034265335635452	10.235817505304334
3.06	0.4888312185900896	5.015127483609133	10.107888883328389
3.0700000000000003	0.47671481193533727	4.994379681636418	9.983479047593308
3.08	0.4658453494862731	4.972060433004996	9.861880911255827
3.0900000000000003	0.4561899990233831	4.948202577992784	9.742420113442114
3.1	0.44771403726956827	4.922843032052344	9.624499926519475
3.1100000000000003	0.4403808424876005	4.895915075589399	9.507104554455085
3.12	0.4341519015378904	4.867351047543864	9.389272700408208
3.1300000000000003	0.42898681693624974	4.837185038970856	9.270571134322369
3.14	0.424843299451353	4.805445182819229	9.150597991284153
3.1500000000000004	0.4216771687740056	4.772163392115971	9.029027678794801
3.16	0.4194423535171455	4.737375359966217	8.905610876770295
3.1700000000000004	0.41809089121584336	4.701120559553243	8.780174537541317
3.18	0.4175729283273022	4.663442244138467	8.65262188585326
3.19	0.41783672023085694	4.624387447061443	8.52293241886621
3.2	0.41884031820689926	4.584005033604882	8.391079352587301
3.21	0.4204223043669589	4.542367248548301	8.257942714361569
3.22	0.4224250361587216	4.4995491721990595	8.124438777976552
3.23	0.42481789087104715	4.455608176423408	7.990649498766917
3.24	0.4275680005640515	4.410605472200115	7.856735606105258
3.25	0.43065193904803023	4.3646041614855084	7.7228540498344955
3.2600000000000002	0.434055721883459	4.317669237213458	7.589158000267849
3.27	0.43777480638099286	4.269867583295387	7.455796848188853
3.2800000000000002	0.4418140916014682	4.2212679746202495	7.322916204851301
3.29	0.44618791835589955	4.171941077054568	7.190657901979344
3.3000000000000003	0.45090448721483434	4.12194970826489	7.059156096443787
3.31	0.456138204768553	4.071456558923591	6.928580354902101
3.3200000000000003	0.46206536445295987	4.02062148865513	6.799094575840297
3.33	0.4686998273754708	3.969498821982323	6.67081591161485
3.3400000000000003	0.4760653685752172	3.918145069532118	6.543857853092622
3.35	0.4841800950323963	3.866609188858095	6.41832633432729
3.3600000000000003	0.4930564456682715	3.8149325844404607	6.294319732559323
3.37	0.5027011913451721	3.7631491076860573	6.171928868215996
3.3800000000000003	0.5131154348664954	3.7112850569283427	6.0512370049113615
3.39	0.5242946109767018	3.659359177427419	5.932319849446308
3.4000000000000004	0.536226538841936	3.6073904521586715	5.815241656511253
3.41	0.5489129627947401	3.555311930968421	5.700098313034303
3.4200000000000004	0.5623490148568993	3.5030528879816982	5.586976260501398
3.43	0.5765026772622848	3.45062097901003	5.475911417276506
3.44	0.5913363232015741	3.3980160707070612	5.3669322629496925
3.45	0.6068047693028654	3.345238031357227	5.260055943039904
3.46	0.6228552756316746	3.2922867308757633	5.1552882689949815
3.47	0.6394275456909403	3.239162040808687	5.052623718191629
3.48	0.6564537264210177	3.1858638343328174	4.9520454339354565
3.49	0.673858408199683	3.132391986255763	4.853525225460948
3.5	0.6915781028194106	3.0787502683013224	4.757039150353065
3.5100000000000002	0.7093458052538454	3.024903264892183	4.662395163520472
3.52	0.7268963977818192	2.9708174507050598	4.569397440914239
3.5300000000000002	0.7441720541113831	2.9165022682257886	4.478010703246466
3.54	0.7611068011462647	2.8619670435320694	4.388187864963578
3.5500000000000003	0.7776459969631565	2.807224881578834	4.299885616667879
3.56	0.7937463308117121	2.752292666198256	4.21306442511756
3.5700000000000003	0.8093758231145485	2.6971910600997466	4.127688533226697
3.58	0.8245138254672426	2.641944504869964	4.0437259600652595
3.5900000000000003	0.8391510206383356	2.5865812209728003	3.961148500859102
3.6	0.8532699449689274	2.5311293119377445	3.879925883834448
3.6100000000000003	0.867060422437718	2.4756598543978177	3.8000903990592994
3.62	0.8807141645113247	2.420245814984915	3.7216752797124566
3.6300000000000003	0.8942193699946057	2.3649209672251184	3.644653083352494
3.64	0.907576159095696	2.3097229815766545	3.5690003207592005
3.6500000000000004	0.9207770958256103	2.2546895296182212	3.494691612778022
3.66	0.9338071879982339	2.1998582840490317	3.421699690320122
3.6700000000000004	0.9466438872303341	2.1452669186887667	3.3499953943623133
3.68	0.9592570889415525	2.0909531084776036	3.279547675947103
3.69	0.971609132354405	2.036954529476219	3.2103235961826906
3.7	0.9836664872200503	1.9833069109478023	3.1422961174130224
3.71	0.9952704915484843	1.9300655805112916	3.075357928154769
3.72	1.00626059344386	1.8772849224610324	3.00940360452728
3.73	1.0165975929397997	1.8249978360864751	2.9444117716825913
3.74	1.0262343797295983	1.7732372808253731	2.880358928742352
3.75	1.0351276198919848	1.722034328345824	2.8172272399679104
3.7600000000000002	1.0432377558911232	1.6714181625462683	2.7550045347603183
3.77	1.0505290065766102	1.6214160795555015	2.69368430766034
3.7800000000000002	1.0569693671834788	1.5720534877326457	2.6332657183484227
3.79	1.062530609332194	1.5233539076671874	2.5737535916447385
3.8000000000000003	1.0671902289702784	1.4753370241539567	2.515150626561569
3.81	1.0709099009574028	1.428040232530122	2.4575435689052907
3.8200000000000003	1.073656020995216	1.3814980958662304	2.401021052192854
3.83	1.075420247557174	1.335721802157264	2.345591438568277
3.8400000000000003	1.0761979564736344	1.290720710659605	2.291268991404596
3.85	1.0759901888734764	1.2465004038660608	2.238066084356301
3.8600000000000003	1.074803651184101	1.2030626875058512	2.185993201359327
3.87	1.0726507151314317	1.1604055905446231	2.1350589366310664
3.8800000000000003	1.0695494177399139	1.118523365184433	2.08526999467035
3.89	1.065523461332515	1.0774064868637656	2.0366311902574696
3.9000000000000004	1.0605885791371694	1.037047497457942	1.9891415529497904
3.91	1.0549033399427694	0.9973763759410514	1.942837413720912
3.9200000000000004	1.0486253672216719	0.9583221575904669	1.8977513250964826
3.93	1.041767558252205	0.9198745531913973	1.8538709812900622
3.94	1.0343488887746626	0.8820193196987974	1.8111823048422557
3.95	1.0263807785977435	0.844744103437781	1.769665551116331
3.96	1.0178670915985566	0.8080384401036377	1.7292953082982399
3.97	1.008804135722616	0.7718937547618202	1.6900404973966041
3.98	0.9991806629838463	0.7363033618479577	1.6518643722427284
3.99	0.9889778694645781	0.7012624651678434	1.6147245194905882
4.	0.9781849775304292	0.6667662100470618	1.57858454527604
4.01	0.9666268870899838	0.6328312277367286	1.543284813683239
4.02	0.9541284971335087	0.5994750944458228	1.5086656878780236
4.03	0.9406790272716645	0.5666957903735083	1.4746907712412876
4.04	0.9262596689951961	0.5344932441149001	1.4413176458354258
4.05	0.9108591678898011	0.5028673848106631	1.408509559063516
4.06	0.8944738236361316	0.4718181421470105	1.3762354236693155
4.07	0.877107490009796	0.4413454463557156	1.3444698177372743
4.08	0.8587715748813646	0.4114492282141162	1.3131929846925388
4.09	0.83948504021636	0.3821294190450976	1.2823908333009362
4.1	0.8192705066590383	0.35338595051679544	1.25204714669708
4.109999999999999	0.7981973391966615	0.32521875685809376	1.2222297552553882
4.12	0.7763405682247988	0.2976277727463207	1.193008377250052
4.13	0.7537398106126226	0.2706129311949335	1.1643724595149934
4.14	0.7304423553671628	0.2441741657689978	1.1363173503148623
4.1499999999999995	0.7064992682171141	0.21831141038491647	1.1088365083731715
4.16	0.6819653916128147	0.19302459931040536	1.081921502872272
4.17	0.6568993447262524	0.16831366716449925	1.0555620134533588
4.18	0.6313635234510692	0.14417854891755727	1.0297458302164768
4.1899999999999995	0.6054241004025547	0.1206191798912561	1.0044588537205132
4.199999999999999	0.5791412860538044	0.09763549572706155	0.9796850950085524
4.21	0.5526770464721379	0.07522743273494616	0.955406675327431
4.22	0.5261924025731586	0.05339492756092496	0.9316038263951338
4.2299999999999995	0.4997447293747802	0.032137916854565234	0.9082548906681618
4.239999999999999	0.4733954737336588	0.011456337617714763	0.8853363210610982
4.25	0.44720041548134476	-0.00864987282703207	0.8628226809719572
4.26	0.4212096674242879	-0.028180776836330173	0.840686644282189
4.27	0.3954676753438355	-0.04713643644608556	0.818898995356677
4.279999999999999	0.3700132179962271	-0.06551691337145907	0.7974286290437343
4.29	0.3448794071125981	-0.08332226900686367	0.7762425506751072
4.3	0.32009563524870244	-0.10055256444556755	0.7553136672492123
4.31	0.2956660313865443	-0.1172078602628154	0.7345346122226548
4.319999999999999	0.2715900018950111	-0.13328821672260824	0.7137999070788611
4.33	0.2478827714904835	-0.14879369398449901	0.6930881228966939
4.34	0.22455383883850022	-0.1637243518866913	0.6723757051419955
4.35	0.20160892440345066	-0.17808024996566257	0.6516447648508025
4.359999999999999	0.17904997044858634	-0.1918614474561567	0.6308830786293544
4.37	0.15687514103602485	-0.20506800329118136	0.6100840886540978
4.38	0.13507882202674798	-0.21769997610200975	0.5892469026716848
4.39	0.11365162108058781	-0.22975742421818837	0.5683762939989603
4.3999999999999995	0.09259205439787604	-0.24124235344179754	0.5474768582640567
4.41	0.07177728427411234	-0.25213717348355374	0.5266176433914174
4.42	0.05108636110263463	-0.26242523812784263	0.5058705297804582
4.43	0.03052346537727675	-0.2721113853977578	0.4852486104842164
4.4399999999999995	0.010088645247047614	-0.28120039399119723	0.46477082119438384
4.45	-0.010210496742238173	-0.2896989310551341	0.44445609698238475
4.46	-0.03035880364795088	-0.29761555218561353	0.4243233722993855
4.47	-0.05033356413065873	-0.30496070142775766	0.40439158097628114
4.4799999999999995	-0.07010451245412286	-0.3117467112757633	0.3846796562237009
4.489999999999999	-0.0896338284852956	-0.317987802672902	0.36520653063200975
4.5	-0.10889366762081144	-0.32369034611360076	0.34598918846753035
4.51	-0.12767226917582597	-0.328960579756791	0.3270642084567236
4.52	-0.14575881742698393	-0.33390190832057887	0.3084672243645614
4.529999999999999	-0.16312830265538786	-0.3385122019769146	0.29021238557289847
4.54	-0.17974762953544254	-0.34279151446494316	0.27231389986464694
4.55	-0.1955931470613323	-0.34673234419308163	0.25478408572001315
4.56	-0.2106506485470334	-0.35031963423902285	0.23763337231648415
4.569999999999999	-0.22491537162630917	-0.3535307723497339	0.2208702995288332
4.58	-0.23839199825271123	-0.3563355909414561	0.20450151792911786
4.59	-0.2510946546995722	-0.35869636709970404	0.18853178878668925
4.6	-0.26303522475440944	-0.36058535263582364	0.17296398420675066
4.609999999999999	-0.27435261287186047	-0.3617908810372059	0.15779908559765893
4.62	-0.28518950149635547	-0.3621022298818759	0.14303618513224747
4.63	-0.2955691083847925	-0.3614944832530833	0.12867248720914495
4.64	-0.30552444975948667	-0.3599346386895173	0.11470330692005959
4.6499999999999995	-0.3150866535025529	-0.3573991372418619	0.10112207018836405
4.66	-0.3242849591559098	-0.353873863472796	0.08792031376909092
4.67	-0.3331467179212774	-0.3493541454569945	0.07508768524893543
4.68	-0.34169739266018057	-0.34384475478112714	0.06261194304625058
4.6899999999999995	-0.34996055789394725	-0.3373599065438585	0.05047895641104948
4.7	-0.3579559519915677	-0.3299154681964191	0.03867660101498543
4.71	-0.3657210211524698	-0.321615134487801	0.027151671365205635
4.72	-0.37329037884212257	-0.3125682661471442	0.0158509615714121
4.7299999999999995	-0.38067526522762773	-0.30280772856613336	0.0047623461129397745
4.739999999999999	-0.3878850911604993	-0.2923760667441893	-0.006128307747396049
4.75	-0.39492549036452385	-0.2813177141290394	-0.01683324437332107
4.76	-0.4017983194357587	-0.2696789926167197	-0.02736281975509933
4.77	-0.4085016578425345	-0.2575081125515707	-0.03772550150953763
4.779999999999999	-0.41502980792545285	-0.24485517272624108	-0.04792786887998136
4.79	-0.4213732948973861	-0.23177216038168838	-0.05797461273631489
4.8	-0.4275266578360355	-0.2183051601364435	-0.067870483234002
4.81	-0.43340227658444247	-0.20458052795077747	-0.0775987475247166
4.819999999999999	-0.43891253130885355	-0.1907227307444352	-0.08714172870620152
4.83	-0.44405196205659675	-0.17677218601434266	-0.09650134477214656
4.84	-0.44881109565658545	-0.1627714357987929	-0.10567756632280571
4.85	-0.4531842367118784	-0.1487573556067032	-0.1146703642240426
4.859999999999999	-0.45716946759968047	-0.13476115441761433	-0.12347970960733108
4.87	-0.4607686484713398	-0.12080837468169746	-0.13210557386975064
4.88	-0.46398741725234893	-0.10691889231975218	-0.14054792867398777
4.89	-0.46683518964234694	-0.09310691672319764	-0.14880674594834156
4.8999999999999995	-0.4693193157610539	-0.07938878181297959	-0.15688005008833197
4.91	-0.47150971118563206	-0.06569677220632758	-0.16478546178731895
4.92	-0.4734772361260238	-0.051961283474203576	-0.17253965761717224
4.93	-0.47523207460029293	-0.0381929823987334	-0.18013782960895103
4.9399999999999995	-0.4767883654719829	-0.024396633139974443	-0.1875752290835168
4.95	-0.47815835909605453	-0.01057888829481331	-0.19484521885314746
4.96	-0.4793524173188857	0.0032517111030329338	-0.20193927322153715
4.97	-0.4803790134782719	0.017084735583021936	-0.20884697798379875
4.9799999999999995	-0.48124473240342597	0.030907867237783757	-0.21555603042646246
4.989999999999999	-0.481954270414978	0.04470689972312069	-0.222052239327476
5.	-0.4825143308141205	0.058469633814167477	-0.22832536822318789
5.01	-0.48289053741176263	0.07214279019329999	-0.23430450533412947
5.02	-0.48304851423224077	0.08567308986057244	-0.23991968347139478
5.029999999999999	-0.48299496521702817	0.09904833454414337	-0.2451634999430157
5.04	-0.48273458775389	0.11225431948818909	-0.2500264864797458
5.05	-0.4822739681660283	0.12527872900905884	-0.2545029525020418
5.06	-0.48162158171208147	0.13811113649528522	-0.2585909851200677
5.069999999999999	-0.48078779258612486	0.15074300440757468	-0.2622924491336912
5.08	-0.4797848539176702	0.16316768427881123	-0.265612987032485
5.09	-0.47862690777166605	0.17538041671405677	-0.2685620189957269
5.1	-0.47732414173435805	0.18737443580990124	-0.27114884725609956
5.109999999999999	-0.47594742061513634	0.1991840566374111	-0.2734257441981649
5.12	-0.4745666649883362	0.21084359457345397	-0.2754468711028318
5.13	-0.47318922973503763	0.22234628463202047	-0.2772271968918235
5.14	-0.47182453574491234	0.23368736894718278	-0.27878558622615435
5.1499999999999995	-0.4704782265020853	0.2448602011924356	-0.28014090386982693
5.16	-0.4691521680851341	0.25585624658069883	-0.2813120146898336
5.17	-0.4678444491670892	0.2666650818643176	-0.2823177836561557
5.18	-0.4665493810154338	0.2772743953350637	-0.28317707584176405
5.1899999999999995	-0.4652574974921038	0.2876699868241335	-0.2839087564226189
5.2	-0.4639613983707067	0.2978396632909885	-0.284525847327854
5.21	-0.462591118706675	0.30773015124984776	-0.2851001582301647
5.22	-0.461075749273394	0.3172881775247038	-0.285700665765931
5.2299999999999995	-0.45940505699832995	0.326501550004329	-0.28633189275534043
5.239999999999999	-0.45756485433318317	0.3353560700687749	-0.2869985391927764
5.25	-0.4555428425711073	0.3438394281782079	-0.28769963889700206
5.26	-0.45332861184670914	0.35194120387291	-0.28842855951116053
5.27	-0.4509136411360481	0.3596528657732814	-0.289173002502775
5.279999999999999	-0.4482912982566371	0.36696777157983657	-0.2899150031637485
5.29	-0.44545683986744167	0.3738811680732071	-0.290630930610364
5.3	-0.44240741141694495	0.38038434776618746	-0.2913051221762221
5.31	-0.4391420477175926	0.386529279873501	-0.29177907876307996
5.319999999999999	-0.43566167239810305	0.3923669895515849	-0.29189524571183245
5.33	-0.4319690973557745	0.3978859371383815	-0.29164079367349327
5.34	-0.42806902333093183	0.40307664912309976	-0.29099681396003385
5.35	-0.4239680398549905	0.40792587479826387	-0.28995195293732107
5.359999999999999	-0.4196746252504563	0.41241658625971267	-0.28850241202511695
5.37	-0.4151991466309262	0.4165279784066001	-0.2866519476970794
5.38	-0.4105538599010886	0.42023546894139435	-0.28441187148076214
5.39	-0.40575290975672024	0.4235106983698806	-0.28180104995761307
5.3999999999999995	-0.40080648633772237	0.4263371122341525	-0.2788322703046525
5.41	-0.39578545618699956	0.4285376121719165	-0.2756630456668426
5.42	-0.3907597415006246	0.4299388776462517	-0.2724518335965816
5.43	-0.3857366993779989	0.43053568767537115	-0.26921425449319514
5.4399999999999995	-0.3807257527807363	0.43031857189192413	-0.2659738969753089
5.45	-0.37573254718569377	0.429289392775991	-0.26274868342252383
5.46	-0.3707589505849716	0.4274613456550824	-0.25955086997541593
5.47	-0.36580305348591413	0.42485895870414125	-0.25638704653553657
5.4799999999999995	-0.3608591689111092	0.4215180929455405	-0.2532581367654127
5.489999999999999	-0.3559178323983878	0.41748594224908414	-0.2501593980885461
5.5	-0.35097164531036673	0.4128015555451895	-0.24708626499895597
5.51	-0.345950644289513	0.4077112729518075	-0.24396971851624338
5.52	-0.3407839216133145	0.4024633236588927	-0.2407379065407623
5.529999999999999	-0.3354612455494533	0.39710242381287597	-0.23737776420879203
5.54	-0.3299684298108681	0.3916852126435829	-0.2338703833476009
5.55	-0.32429317686529924	0.38626077467741854	-0.2301968557849898
5.56	-0.3184250779352845	0.38087063973736374	-0.2263382733492895
5.569999999999999	-0.31235561299816156	0.37554878294297733	-0.22227572786936228
5.58	-0.30607815078606876	0.37032162471039687	-0.21799031117460252
5.59	-0.2995879487859451	0.36520803075233854	-0.21346311509493665
5.6	-0.2928802054524408	0.36022320762554916	-0.20868302256293078
5.609999999999999	-0.28597160391356286	0.3553356156150167	-0.20356053330257176
5.62	-0.27887977167050154	0.35050804905258887	-0.19800992454243205
5.63	-0.2716027402974579	0.34573871663559225	-0.19203141172883495
5.64	-0.26414048914727967	0.3410181543110359	-0.1856249742146286
5.6499999999999995	-0.25649299756438315	0.3363331208230714	-0.1787981463613024
5.66	-0.2486602448847487	0.3316665977129902	-0.17156601753898293
5.67	-0.2406422104359233	0.32699778931922485	-0.16395123212643667
5.68	-0.23243887353701723	0.3223021227773471	-0.15598398951106646
5.6899999999999995	-0.2240502134987077	0.31755124802007	-0.1477020440889152
5.7	-0.2154781573695393	0.3127286199574307	-0.1391351230104138
5.71	-0.20670503668136891	0.3076571501202148	-0.13047727535617987
5.72	-0.1977141273194633	0.30216352783280176	-0.12192255018310667
5.7299999999999995	-0.1885101893925936	0.29624254138600786	-0.11350067457044918
5.739999999999999	-0.17909792397848012	0.2898847296805107	-0.10524940279562275
5.75	-0.1694839208700952	0.2830919644070335	-0.09719893407995349
5.76	-0.15967665857566532	0.2758774500463464	-0.08937191258867987
5.77	-0.149686504318668	0.26826572386926406	-0.0817834274309501
5.779999999999999	-0.13952571403783318	0.260292655936647	-0.07444101265982339
5.79	-0.12920843238714214	0.2520054490994007	-0.06734464727226923
5.8	-0.11874679718642607	0.24343731787169448	-0.060496494104638636
5.81	-0.10819402655872636	0.234887555439329	-0.05379318174641836
5.819999999999999	-0.09760333859110973	0.2266545108681946	-0.04712850561971811
5.83	-0.08698687099548148	0.21876856631272804	-0.0404961290587562
5.84	-0.07635876824595246	0.21127220402428495	-0.0338818652236182
5.85	-0.0657312860294264	0.20419468522435053	-0.02727341599572115
5.859999999999999	-0.05511479124560739	0.1975520501045453	-0.020660371977818212
5.87	-0.04451776200699901	0.19134711782662397	-0.01403421249399811
5.88	-0.0339467876389047	0.18556948652247557	-0.007388305589685326
5.89	-0.023406568679420005	0.18019553329411922	-0.000717908031635271
5.8999999999999995	-0.012903812504930463	0.1752098398040717	0.00597983462225022
5.91	-0.0024041453512339953	0.17036821226073887	0.012705888795052788
5.92	0.008126806544956896	0.16542362400768443	0.019459332154671733
5.93	0.01868233580451981	0.16035215811289574	0.02623735287766269
5.9399999999999995	0.029257741884791202	0.1551160273541797	0.0330352504213619
5.95	0.03984643545407857	0.14968499980952465	0.03984643545407701
5.96	0.05043993839166068	0.14403639885710046	0.04666242985508718
5.97	0.06102788378779111	0.13815510317525642	0.053472866714645434
5.9799999999999995	0.07159801594369336	0.13203354674252424	0.06026549033397551
5.989999999999999	0.08213619037156304	0.12567171883761652	0.06702615622527323
6.	0.09262637384627567	0.11907132060951592	0.0737427267190919
6.01	0.10305064383348493	0.11230039695375081	0.0803619831856971
6.02	0.11338918903488765	0.10543171488789167	0.08683070698566524
6.029999999999999	0.12362030993348248	0.09848114192705129	0.09313676042047815
6.04	0.1337204182216742	0.09147227796015643	0.09926599895388166
6.05	0.1436640368529752	0.08443061182004132	0.10520616681926713
6.06	0.15342380004201284	0.07738352128344254	0.11094689701967583
6.069999999999999	0.16297045326452433	0.07036027307100237	0.116479711327796
6.08	0.17227285325735772	0.06339202284726833	0.1217980202859632
6.09	0.18129796801846956	0.05651181522069486	0.1268971232061593
6.1	0.19002061567362646	0.04974484482208044	0.13177226036967613
6.109999999999999	0.19831574670840527	0.043216174679383254	0.1364401568793532
6.12	0.2060611447442534	0.03704803486310629	0.14091848221963338
6.13	0.21324012731455166	0.03125712113168068	0.1452053098166191
6.14	0.21983382809662352	0.025862313306274323	0.14930066089031568
6.1499999999999995	0.2258309357784229	0.02087493634923957	0.15320455665428714
6.16	0.23122769405853869	0.016298760364109762	0.1569170183156589
6.17	0.23602790164619308	0.01213000059560045	0.16043806707511674
6.18	0.24024291226124306	0.008357317429608171	0.16376772412690774
6.1899999999999995	0.24389163463417937	0.004961816393211346	0.1669060106588398
6.2	0.24699079353167772	0.0019287348429454653	0.16985294776702858
6.21	0.2496626487164082	-0.0008818198903588982	0.1726085573988434
6.22	0.25203229303467023	-0.003611629061587263	0.17517286145388067
6.2299999999999995	0.2541249505040253	-0.006281121071349952	0.17754588088493448
6.24	0.25597369527310687	-0.008918633321144735	0.17972763664094324
6.25	0.2576097126471713	-0.011548725525081259	0.1817181495817366
6.26	0.25906229908809886	-0.014192179709882175	0.1835174404780364
6.27	0.2603588622143926	-0.016866000214881854	0.18512553001145546
6.279999999999999	0.26152492080117873	-0.019583413692027145	0.1865424387744983
6.29	0.26258410478020705	-0.02235386910587744	0.1877681872705611
6.3	0.2635562074907651	-0.025184985611595975	0.18880279594268515
6.31	0.26447872896501545	-0.028061007843822695	0.18964628485552182
6.319999999999999	0.26538633602855105	-0.03096334717550292	0.19029867399855524
6.33	0.2662903224009509	-0.03389112297671751	0.19075998358932544
6.34	0.2672001519811163	-0.03683961790355302	0.1910302337553925
6.35	0.2681215110981866	-0.03980222577609602	0.19110944456309079
6.359999999999999	0.2690563085115387	-0.04277045157843197	0.19099763601752873
6.37	0.27000267541078676	-0.045733911458644694	0.19069482806258892
6.38	0.27095496541578235	-0.0486803327288165	0.1902010405809281
6.39	0.2719037545766151	-0.05159555386503033	0.1895162933939769
6.3999999999999995	0.27284363243586945	-0.05446742009074017	0.18864060621284123
6.41	0.27368702815820073	-0.05724269586370297	0.18757399918136805
6.42	0.27434637082323265	-0.059868145573369974	0.18631649235837328
6.43	0.27481624971845525	-0.06233161423828144	0.18486810519986788
6.4399999999999995	0.2750872404688003	-0.06461893999299553	0.18322885710212483
6.45	0.2751536960988986	-0.06671784967146113	0.18139876735258034
6.46	0.27501374703308096	-0.06861795880701878	0.17937785512983323
6.47	0.27466930109537707	-0.0703107716324007	0.17716613950364501
6.4799999999999995	0.2741260435095163	-0.07178968107973023	0.17476363943494022
6.49	0.2733934368989272	-0.07304996878052251	0.17217037377580557
6.5	0.27247693010766405	-0.07408880507974545	0.1693883089796138
6.51	0.27146413336289	-0.07490524888028667	0.16639981624664144
6.52	0.2704426567500988	-0.0755002477912429	0.16318821101263056
6.529999999999999	0.26941794868833546	-0.07587663827621027	0.1597582924373468
6.54	0.26839947109267953	-0.07603914549775044	0.15611480055019808
6.55	0.26739290819517236	-0.0759943833314521	0.15226436396036075
6.56	0.26640016654481596	-0.07575085436593144	0.1482154998567762
6.569999999999999	0.2654193750075734	-0.07531894990283168	0.14397861400815032
6.58	0.26444488476636874	-0.07471094995682336	0.13956600076295567
6.59	0.2634672693210878	-0.07394102325560457	0.13499184304943304
6.6	0.26247916781790087	-0.07302133176320075	0.13027026459355362
6.609999999999999	0.2614106542855292	-0.07200511701315768	0.12543687356877914
6.62	0.2601908581990239	-0.07094562053607271	0.12052822234916916
6.63	0.2588095850435465	-0.06985500428712671	0.1155612672624924
6.64	0.2572526855506339	-0.06874743697927607	0.11055491223998071
6.6499999999999995	0.25550789902752225	-0.06763519860655341	0.105528061034297
6.66	0.2535648533571466	-0.06652868044406719	0.10049961721953425
6.67	0.2514150649981429	-0.06543638504800255	0.09548848419121922
6.68	0.2490519389848451	-0.06436492625562032	0.09051356516630753
6.6899999999999995	0.24647076892728717	-0.06331902918525759	0.08559376318318636
6.7	0.2436687369596004	-0.06229958248925688	0.08074408549439413
6.71	0.24064491431076457	-0.06132518161702165	0.07601873134411644
6.72	0.23740026076043924	-0.06041158893681516	0.07147001101868161
6.7299999999999995	0.23393762409479626	-0.05955119385755998	0.06710726489705877
6.74	0.23026174067727065	-0.05873455609189326	0.0629399512283537
6.75	0.2263792353969582	-0.05794845790909602	0.05897375052452805
6.76	0.2222986216686163	-0.05717590413509332	0.055210565560400146
6.77	0.21803030143266344	-0.05639612215245407	0.05164852137364469
6.779999999999999	0.213586565155178	-0.055584561900390864	0.0482819652647913
6.79	0.20898159182789958	-0.05471289587476021	0.04510146679722628
6.8	0.20422950115593694	-0.0537587580625771	0.042097713318416996
6.81	0.19936589754222464	-0.05259802542390226	0.03921842313425188
6.819999999999999	0.19442732952151898	-0.051107519383083666	0.03640942555103871
6.83	0.18943074919439187	-0.04926770731999731	0.033655740917501425
6.84	0.1843950562116925	-0.047054984051935866	0.0309384937991231
6.85	0.1793391499622511	-0.04445141076812191	0.028238808499368363
6.859999999999999	0.17428192957288052	-0.04144471502970875	0.025537809059684436
6.87	0.1692422939083753	-0.038028290769779406	0.02281661925950042
6.88	0.1642391415715138	-0.03420119829334848	0.020056362616228562
6.89	0.15929137090305592	-0.02996816427736047	0.017238162385263
6.8999999999999995	0.15441398440325727	-0.025337634033479002	0.014347037092850373
6.91	0.1496611761908853	-0.02034331466209018	0.011328813581615525
6.92	0.14508525135736536	-0.015023635278077357	0.008131207175376996
6.93	0.140695545320919	-0.009401207236586995	0.004744901843957213
6.9399999999999995	0.13650151128558305	-0.0035043672870358642	0.0011604632487103887
6.95	0.13250882466272448	0.0026347701640990367	-0.0026277657246064766
6.96	0.1287193830710386	0.008980313053281997	-0.0066216649658345115
6.97	0.12513130633654848	0.015492591659920509	-0.01081933714041418
6.9799999999999995	0.1217389364926068	0.022128158606361657	-0.015215107689382976
6.99	0.1185328377798948	0.028839788857894247	-0.01979952482937685
7.	0.11550369222280404	0.03558816635711509	-0.024561307309765926
7.01	0.11259921219369991	0.04221262276502608	-0.029465801038272572
7.02	0.10976522103658291	0.048554378332535675	-0.03447551906531327
7.029999999999999	0.10698673369074942	0.05457978277196173	-0.03957068156834137
7.04	0.10424486925505566	0.06025105399812715	-0.044727672477464404
7.05	0.10152074656430031	0.06553796476272522	-0.04992098723257832
7.06	0.09879548418922225	0.07041784265432371	-0.055123232783371445
7.069999999999999	0.09605020043650181	0.07487557009836253	-0.0603051275893223
7.08	0.09326601334876057	0.07890358435715374	-0.06543550161969992
7.09	0.09042404070456216	0.08250187752988082	-0.07048129635356241
7.1	0.08751124341063177	0.0856682576559579	-0.07541730361025197
7.109999999999999	0.08445579404244291	0.08850606681425846	-0.08011844818182638
7.12	0.08118869807127457	0.09112148003124727	-0.08446248822734283
7.13	0.07770541509127096	0.09352080418911064	-0.0884327156671386
7.14	0.07400122736002566	0.09571819612498772	-0.09201023881526658
7.1499999999999995	0.07007708319080307	0.09772592373432744	-0.09518372120998704
7.16	0.06593959695253734	0.09955436597088874	-0.0979493816137678
7.17	0.06160104906983576	0.10121201284673927	-0.10031099401328264
7.18	0.05707938602297436	0.1027054654322572	-0.1022798876194136
7.1899999999999995	0.052398220347900176	0.10403943585613037	-0.10387494686724986
7.2	0.04757709177779396	0.10522259068470685	-0.10511092471829454
7.21	0.042739184919734455	0.10620291960493121	-0.10612770462089903
7.22	0.03800862856571175	0.10692935651568279	-0.10706705896990468
7.2299999999999995	0.03340779500364485	0.10741340061911316	-0.10794940756628357
7.24	0.028965017694045556	0.10766448510358197	-0.10880307957757235
7.25	0.024704852411581015	0.10769582052300807	-0.1096526268400796
7.26	0.020648077245072068	0.10752439479686947	-0.11051882385888605
7.27	0.01681169259749683	0.10717097321020348	-0.11141866780784379
7.279999999999999	0.013208921185986284	0.10666009841360634	-0.1123653785295774
7.29	0.009849208041825814	0.10602009042323339	-0.11336839853548346
7.3	0.006742116114330633	0.10527330776558869	-0.1144353407353755
7.31	0.003854238531047199	0.1045438651184936	-0.11555044536716028
7.319999999999999	0.0011502795113111546	0.10395493265613528	-0.11669511969128456
7.33	-0.0013658647201951412	0.10352603539411541	-0.1178684776851812
7.34	-0.003694193673235648	0.10328077083041963	-0.119065796972944
7.35	-0.00583470698815179	0.10323707009020594	-0.1202804665549749
7.359999999999999	-0.007787404435859753	0.10340719792580537	-0.12150398680798279
7.37	-0.009552285917851039	0.10379775271672173	-0.12272596948498368
7.38	-0.011129351466192587	0.10440966646963154	-0.12393413771530076
7.39	-0.012518601243527591	0.10523820481838426	-0.12511432600456499
7.3999999999999995	-0.013723931063401106	0.10627881040593896	-0.12625632353288013
7.41	-0.014710045574524417	0.10746247153869808	-0.12728924373571449
7.42	-0.015443538293312114	0.10871734330511477	-0.12814314453910544
7.43	-0.01593397163642073	0.1100303686943024	-0.12881064859486593
7.4399999999999995	-0.016190790105011846	0.11138264725036723	-0.12928231286147462
7.45	-0.016227215805078753	0.11275527845434503	-0.12955247190224192
7.46	-0.01606024844744683	0.11412936172420148	-0.12961923788531038
7.47	-0.0157106653477733	0.11548599641483263	-0.12948450058365432
7.4799999999999995	-0.01520302142654732	0.11680628181806403	-0.12915392737508005
7.49	-0.014565649209089924	0.1180713171626512	-0.12863696324222582
7.5	-0.013820919893848902	0.11926609720821897	-0.12793903961869568
7.51	-0.013092961839441274	0.12033642461532465	-0.12714774927272945
7.52	-0.012504959103035054	0.121229990754274	-0.12635068504825223
7.529999999999999	-0.012076449978729684	0.12193745651393924	-0.12555327860592208
7.54	-0.011831045484599045	0.12244936467182135	-0.12476497530680064
7.55	-0.011786690430986606	0.12276003548798897	-0.12399144305848778
7.56	-0.011955663420504744	0.12286756670507952	-0.12323457231512037
7.569999999999999	-0.012344576848035341	0.12277383354829845	-0.12249247607737267
7.58	-0.012954376900729475	0.12248448872541942	-0.12175948989245677
7.59	-0.01378034355800724	0.12200896242678438	-0.12102617185412254
7.6	-0.014817933880303148	0.12135267124896497	-0.12028709366924084
7.609999999999999	-0.015998151694161463	0.12060319222092988	-0.11945466673952734
7.62	-0.017249167728089966	0.11984810236265812	-0.11844130250006396
7.63	-0.018557939748413847	0.11909281824375216	-0.11724157275782035
7.64	-0.01990558224437213	0.11834677000960478	-0.11584603577337646
7.6499999999999995	-0.021273209716861544	0.11761561030506118	-0.11424902732750737
7.66	-0.022641936678437394	0.11690121427441856	-0.11244866072118231
7.67	-0.023992877653312407	0.11620167956142667	-0.11044682677556614
7.68	-0.02530714717735804	0.1155113263092871	-0.10824919383201749
7.6899999999999995	-0.026565859798103848	0.11482069716065364	-0.1058652077520898
7.7	-0.027752077819288783	0.11412434840949222	-0.10330419632856641
7.71	-0.02882926806566811	0.1133346751396029	-0.10061845686038219
7.72	-0.02976184173464996	0.11236407246241237	-0.09786217539625944
7.7299999999999995	-0.030535694247932132	0.11120709675476624	-0.09505034597834285
7.74	-0.031136662016308953	0.1098542907974507	-0.09220185821712051
7.75	-0.03155247018422206	0.10829997492705358	-0.0893356017024617
7.76	-0.03177273262976106	0.10654224703596302	-0.08647046600361395
7.77	-0.03178895196466324	0.10458298257236825	-0.0836253406692047
7.779999999999999	-0.031594519534313664	0.10242783454025982	-0.08081911522724132
7.79	-0.031184715417744965	0.10008623349942794	-0.07807067918510928
7.8	-0.03055670839061604	0.09756749203817826	-0.07539307865903587
7.81	-0.029709556334695107	0.09492389166604934	-0.07285814759368942
7.819999999999999	-0.028644205847447632	0.09220960270787629	-0.07053488676376382
7.83	-0.027363491851625742	0.08943960419785854	-0.06842784277556699
7.84	-0.025872138004751695	0.08663277077227886	-0.06654173928662156
7.85	-0.024176756662094696	0.08380797714221343	-0.06487563363512325
7.859999999999999	-0.022285848876672003	0.08098409809353442	-0.0634229168399432
7.87	-0.020209804399249326	0.07818000848691023	-0.06217131360062748
7.88	-0.017960901678339587	0.0754145832578038	-0.06110288229739662
7.89	-0.015553307860203452	0.07270669741647322	-0.060194014991145614
7.8999999999999995	-0.013001130989774219	0.0700713305305138	-0.05942712406924269
7.91	-0.010339963848922294	0.06756265350887561	-0.05866138086018676
7.92	-0.007606343529836396	0.06523294859956763	-0.057755956625659945
7.93	-0.004817211008399709	0.0630915293873566	-0.05669326355257848
7.9399999999999995	-0.0019914549824582447	0.061147827577788624	-0.05544969336775175
7.95	0.0008520359272560576	0.05940749747972929	-0.054007303983680095
7.96	0.0036943731771258165	0.05787241600536341	-0.05235381949855442
7.97	0.006516668300646988	0.05654068267019572	-0.05048263019625689
7.9799999999999995	0.00930003290842888	0.05540661959305086	-0.04839279254636095
7.99	0.01202557868819632	0.05446077149607237	-0.04608902920412991
8.	0.014678312989698237	0.05369574905666216	-0.04357588564776825
8.01	0.017204051294626398	0.053041597893617544	-0.040922361311876106
8.02	0.01955049793022841	0.05242741936938911	-0.0382002886711685
8.030000000000001	0.021708326782921915	0.051842991392338354	-0.03542271232419334
8.040000000000001	0.023668093768209716	0.051274137402875786	-0.03260852012678947
8.05	0.025424132415593773	0.05070856972539861	-0.02977659982933284
8.06	0.026974553868573378	0.050135889568291174	-0.026945839076738934
8.07	0.028321246884646288	0.04954758702392455	-0.024135125408460783
8.08	0.02946987783530773	0.04893704106865703	-0.021363346258491085
8.09	0.030429890706050948	0.0482995195628338	-0.018649388955360807
8.1	0.031206716008511395	0.04763023148774806	-0.016008245142960377
8.11	0.03188794493402422	0.04694587038531418	-0.01349409824721805
8.12	0.032561168790780595	0.046264074311474966	-0.0111592428229371
8.129999999999999	0.033231818440982816	0.04558288578960984	-0.009013003900636465
8.14	0.033909338454402735	0.04490229525020737	-0.007064824453226936
8.15	0.03459939602052529	0.044222293267826895	-0.0053203698168337605
8.16	0.03530388094854916	0.04354287056109785	-0.0037815276907945377
8.17	0.036020905667386256	0.04286401799272029	-0.002446408137660851
8.18	0.036744805225662064	0.04218572656946455	-0.0013093435831974367
8.19	0.037466137291715586	0.04150798744217132	-0.0003608888163823803
8.2	0.038179473263988746	0.04083079193285145	0.0004043878982688217
8.209999999999999	0.03879722386822912	0.040154131234950236	0.0010740792448871864
8.22	0.039231799957965885	0.03947799669912194	0.0017357780353855455
8.23	0.03947777331498481	0.038802380119006136	0.002394916388592155
8.24	0.03952570224653113	0.038127273431491235	0.00306094015443503
8.25	0.0393699226956992	0.037452668743813894	0.003739517801618528
8.26	0.039008548241432454	0.03677855833355976	0.004432540417622588
8.27	0.0384434700985235	0.036104934648663135	0.005138121708703074
8.28	0.03768035711761404	0.03543179030740664	0.00585059799989208
8.29	0.03672865578519493	0.0347591180984216	0.006560528234997579
8.299999999999999	0.03559769469260485	0.034086910970755155	0.00726248511263728
8.31	0.03433977146983244	0.03341516214373273	0.007868880399805003
8.32	0.033009072640412	0.03274386500221258	0.00829212600277158
8.33	0.031620593476318626	0.032073012991839865	0.008526795037986394
8.34	0.030193224931770492	0.03140259972890937	0.008563447145643279
8.35	0.028745858112227622	0.03073261899043266	0.008396419625714647
8.36	0.02729738427439206	0.030063064714138197	0.008023827437951157
8.37	0.02586669482620712	0.029393930998471002	0.0074475632018818645
8.379999999999999	0.02447268132685846	0.02872521210259315	0.0066732971968142905
8.39	0.02313423548677314	0.028056902446383293	0.005710477361834111
8.4	0.021866353603418993	0.02738899662195741	0.00456843373160418
8.41	0.020723223862322546	0.026721489266248188	0.003299465737382841
8.42	0.01975714584185163	0.026054375182490836	0.0019577617118063054
8.43	0.01897745001799641	0.025387649461708024	0.0005583183936695638
8.44	0.018393585065388886	0.02472130735529001	-0.0008799717710541612
8.45	0.01801122229310152	0.0240553442865153	-0.0023382161934141182
8.459999999999999	0.017832255644646668	0.023389755850550135	-0.0037975221414831796
8.47	0.017854801697976787	0.022724537814448085	-0.00523899674035865
8.48	0.0180731996654845	0.0220596861171514	-0.00664374697215933
8.49	0.018478011394002444	0.02139519686948985	-0.007992879676028113
8.5	0.01905796913131093	0.020733014132601944	-0.009273344892981341
8.51	0.019778432048102552	0.020055486308124842	-0.0104133049304516
8.52	0.02060192632114982	0.019345906346999973	-0.01134375508979133
8.53	0.02150868521647295	0.018609051958278763	-0.01206014439377639
8.54	0.022475105611304686	0.01784964199931207	-0.012557744651149724
8.549999999999999	0.02347569576059769	0.01707428425417133	-0.012837493801470961
8.56	0.024483075297024547	0.016291475433648537	-0.01290599591511641
8.57	0.025467975230977564	0.015511601175256415	-0.012775521193279007
8.58	0.02639923795056914	0.014746936043228132	-0.012464005967968539
8.59	0.027243817221631373	0.014011643528517597	-0.011995052702011358
8.6	0.027976517079469868	0.013317880469596935	-0.011386243319457983
8.61	0.028472273783713135	0.012718884519389314	-0.010778400854105835
8.62	0.02860885685862037	0.012267893491864655	-0.010312348206524177
8.629999999999999	0.028369570133388682	0.011977064708635816	-0.010005666901079166
8.64	0.02773553369700298	0.011860562465890864	-0.009881958734456455
8.65	0.026695422789989817	0.011930662455191018	-0.009959159106068774
8.66	0.02524546780441667	0.012197751763470528	-0.010249537018055794
8.67	0.02338945428389264	0.0126703288730367	-0.010759695075284178
8.68	0.021138722923567645	0.013355003661570067	-0.011490569485347744
8.69	0.018512169570132332	0.014256497402124483	-0.012437430058567555
8.7	0.015528454084705452	0.015375694977340936	-0.013595723567266692
8.709999999999999	0.012292175041222014	0.016731188570711146	-0.014896442650753437
8.72	0.008911708644130349	0.018338737380114288	-0.01626774669495533
8.73	0.005417047646098121	0.02019072733134941	-0.017696582712049592
8.74	0.001845976046396585	0.022277714769401106	-0.019164054245447978
8.75	-0.001763722046214345	0.02458647867265452	-0.020651264729072437
8.76	-0.005374262413481986	0.027100020652892937	-0.02213931748735343
8.77	-0.008947860727662708	0.02979756495529875	-0.023609315735230646
8.78	-0.012446732551523551	0.03265455845845453	-0.025042362578153714
8.79	-0.015833093338340445	0.035642670674341875	-0.02641956101208144
8.8	-0.01907694956042698	0.038737584832405025	-0.02772785727417075
8.81	-0.022069924105719643	0.04183282376794596	-0.02889540984273622
8.82	-0.024707417269528978	0.044821910444971906	-0.029853210226330647
8.83	-0.026970767746281633	0.047680528479033646	-0.030596703752822082
8.84	-0.02884107802610965	0.05038034802562483	-0.031121158569354938
8.85	-0.030307005523379157	0.05289681686424576	-0.03142750899303883
8.86	-0.03136476257668863	0.05520916039840126	-0.031522355510948015
8.87	-0.03201811644887005	0.057300381655602174	-0.03141796478012173
8.879999999999999	-0.03227838932698858	0.05915726128736488	-0.03113226962756412
8.89	-0.032164458322342444	0.0607703575692116	-0.030688869050244125
8.9	-0.031693016614989314	0.06213205860208828	-0.030105341581782786
8.91	-0.03098629109762406	0.06325812614515657	-0.029522506539703296
8.92	-0.030169341717854105	0.06416715519439248	-0.029081183165038996
8.93	-0.029267360820474528	0.06486003356118698	-0.028798949761940956
8.94	-0.028313390791345972	0.0653414857051361	-0.028699404944928637
8.95	-0.027338585201921495	0.06561812493545953	-0.028800481005576806
8.959999999999999	-0.026372208809245776	0.06569845341100117	-0.02911444391251535
8.97	-0.02544163755595461	0.06559286214022886	-0.02964789331142979
8.98	-0.024572358570276794	0.06531363098123451	-0.03040176252506036
8.99	-0.023787970166032422	0.06487492864173396	-0.031371318553202715
9.	-0.023108234093894463	0.06428891708946678	-0.03255200543532646
9.01	-0.02257061882289204	0.06360883913413674	-0.033874813118585895
9.02	-0.022209759644621404	0.0628879376643565	-0.03526789837270222
9.03	-0.022036918777457032	0.062138374884592125	-0.03671820570484598
9.04	-0.02206152864805436	0.061374319897103416	-0.038206836227648304
9.05	-0.022289244142611218	0.06060805311234369	-0.03971489102181953
9.06	-0.022721942606867506	0.059849966248960385	-0.04122347113614785
9.07	-0.02335772384610579	0.059108562333793836	-0.0427136775875017
9.08	-0.02419091012515064	0.058390455701878445	-0.04416661136082761
9.09	-0.025212046168368994	0.05770037199644219	-0.04556337340915098
9.1	-0.02641179474679571	0.057043095906789604	-0.046888960240701924
9.11	-0.027737849123564945	0.05640192800686766	-0.048089176364346266
9.12	-0.029136013790868547	0.05575922453657838	-0.0491117150265442
9.129999999999999	-0.030591285206914023	0.055116937183091824	-0.0499472389483081
9.14	-0.03208476424135678	0.05447506991941145	-0.050586292770634596
9.15	-0.03359755176242431	0.05383362674225771	-0.0510231986416295
9.16	-0.03511074863691787	0.05319261167206734	-0.05125605621650851
9.17	-0.03660545573021121	0.05255202875299392	-0.05128674265759671
9.18	-0.03806277390625132	0.05191188205290754	-0.05112091263432868
9.19	-0.039463804027558315	0.0512721756633948	-0.05076799832324838
9.2	-0.040793542556043984	0.050632913668113566	-0.05023536611963323
9.209999999999999	-0.04199779384697848	0.04999410049281415	-0.049592946948322454
9.22	-0.04302425103036062	0.049355740571619566	-0.04891161613174852
9.23	-0.04386357689228566	0.048717838013307486	-0.0482015732579703
9.24	-0.04450631616891283	0.048080396951330796	-0.047476972491500465
9.25	-0.044946791147284275	0.04744342151217205	-0.046750079284929476
9.26	-0.04518310166532461	0.04680691581534384	-0.04603127037892604
9.27	-0.045217125111841415	0.046170883973388484	-0.045329033802236705
9.28	-0.04505451642652505	0.04553533009187812	-0.04464996887168597
9.29	-0.044704708099948684	0.044900258269414677	-0.04399878619217629
9.3	-0.04417506687597191	0.044265672552773194	-0.04338025547044836
9.31	-0.04353552416454847	0.04363157743304351	-0.04277766151439835
9.32	-0.04285695581252832	0.04299797737259602	-0.04217334481455029
9.33	-0.04214956187446148	0.04236487633204942	-0.04156924212553041
9.34	-0.04142749702540488	0.04173227826641147	-0.040965342465383504
9.35	-0.040703027263325885	0.041100187080222186	-0.0403616349293331
9.36	-0.03998652990910279	0.04046860662755433	-0.039758108689781906
9.37	-0.03928649360652446	0.03983754071201308	-0.0391547529963115
9.379999999999999	-0.03860951832229041	0.03920699308673608	-0.0385515571756824
9.39	-0.03796031534601083	0.03857696745439348	-0.03794851063183409
9.4	-0.037343655112064895	0.03794746742841564	-0.037345602889904114
9.41	-0.03674282310935064	0.03731849696183873	-0.036742823109350675
9.42	-0.036140160548153825	0.03669005993843303	-0.03614016054815386
9.43	-0.035537605027015515	0.03606215976383	-0.03553760502701555
9.44	-0.034935146442482606	0.03543479979436852	-0.034935146442482634
9.45	-0.03433277481096645	0.034807983298322874	-0.034332774810966464
9.459999999999999	-0.033730480268742306	0.03418171345590226	-0.03373048026874231
9.47	-0.03312825307194906	0.03355599335925047	-0.03312825307194906
9.48	-0.03252608359659042	0.03293082601244709	-0.03252608359659043
9.49	-0.03192396233853376	0.03230621433150636	-0.03192396233853376
9.5	-0.03132187995523498	0.03168216110275553	-0.03132187995523498
9.51	-0.030719826804239906	0.03105866944319885	-0.030719826804239906
9.52	-0.03011779338318844	0.030435742361595235	-0.03011779338318844
9.53	-0.029515770769819125	0.02981338231953625	-0.029515770769819125
9.54	-0.028913750160470184	0.029191591691809817	-0.028913750160470184
9.55	-0.02831172291180396	0.028570372724778127	-0.02831172291180396
9.56	-0.02770968054080749	0.027949727536378175	-0.02770968054080749
9.57	-0.027107614724791496	0.02732965811612081	-0.027107614724791496
9.58	-0.026505517301391265	0.02671016632509162	-0.026505517301391265
9.59	-0.025903380268566364	0.026091253895950586	-0.025903380268566364
9.6	-0.025301195822650936	0.02547292239060367	-0.025301195822650936
9.61	-0.024698955937491884	0.024855173668378788	-0.024698955937491884
9.62	-0.024096652765709044	0.024238009439655418	-0.024096652765709044
9.629999999999999	-0.023494279039955733	0.02362143081949458	-0.023494279039955733
9.64	-0.02289182765205644	0.023005438795814348	-0.02289182765205644
9.65	-0.02228929169105761	0.022390034187061866	-0.02228929169105761
9.66	-0.021686664443227054	0.021775217642212727	-0.021686664443227054
9.67	-0.021083939392054798	0.021160989640771892	-0.021083939392054798
9.68	-0.020481110218252437	0.020547350492772967	-0.020481110218252437
9.69	-0.01987817079975318	0.01993430033877829	-0.01987817079975318
9.7	-0.01927505789864639	0.019321776946613987	-0.01927505789864639
9.709999999999999	-0.018672285078420704	0.018710343717183095	-0.018672285078420704
9.72	-0.018070338311633148	0.018100533722758314	-0.018070338311633148
9.73	-0.017469071587579064	0.017492193745275646	-0.017469071587579064
9.74	-0.01686834082953493	0.016885172282147233	-0.01686834082953493
9.75	-0.016267946581692838	0.01627925734299631	-0.016267946581692838
9.76	-0.015667634009160183	0.01567417644965689	-0.015667634009160183
9.77	-0.015067092897959987	0.01506959663617413	-0.015067092897959987
9.78	-0.014465957655030916	0.014465124448804325	-0.014465957655030916
9.79	-0.01386380730822692	0.013860305946014536	-0.01386380730822692
9.8	-0.01326065168511846	0.0132551190060781	-0.01326065168511846
9.81	-0.01265155398079964	0.012644528106702801	-0.01265155398079964
9.82	-0.012031757734334552	0.012023675932398512	-0.012031757734334552
9.83	-0.011401813805205488	0.011393074981846718	-0.011401813805205488
9.84	-0.010762202941119294	0.010753162347527915	-0.010762202941119294
9.85	-0.010113821956808185	0.010104792023316687	-0.010113821956808185
9.86	-0.009457983734030208	0.009449234904482177	-0.009457983734030208
9.87	-0.008796417221568927	0.008788178787687749	-0.008796417221568927
9.879999999999999	-0.008131267435233496	0.008123728370991082	-0.008131267435233496
9.89	-0.007465095457858641	0.00745840525384415	-0.007465095457858641
9.9	-0.006800136321054562	0.006794409847181297	-0.006800136321054562
9.91	-0.006146507282823523	0.006141785095174119	-0.006146507282823523
9.92	-0.005514381853284649	0.005510632981613455	-0.005514381853284649
9.93	-0.004906163820397008	0.0049033310362896695	-0.004906163820397008
9.94	-0.004324695527576956	0.004322696056748273	-0.004324695527576956
9.95	-0.003772515755448175	0.0037712460183781478	-0.003772515755448175
9.959999999999999	-0.00325185972184142	0.003251200074411301	-0.00325185972184142
9.97	-0.002764659081794355	0.0027644785559226915	-0.002764659081794355
9.98	-0.0023125419275519966	0.0023127029718306782	-0.0023125419275519966
9.99	-0.0018968327885663667	0.0018971960088966723	-0.0018968327885663667
10.	-0.0015184368457153764	0.0015188598249953368	-0.0015184368457153764
