0.1	-115480.77273127162	1.1151875447652442e6	1.5296199707027618e6
0.2	-98366.84856549549	725133.1344764512	947372.1215230956
0.30000000000000004	-82936.49047327742	418730.6192320851	492831.1642395433
0.4	-69103.12008054601	186807.34503973075	151981.57213089603
0.5	-56794.386408843544	20204.885302575574	-89206.40891967951
0.6	-45940.30971231441	-90232.81534359003	-244764.90426161868
0.7000000000000001	-36471.587740132185	-153661.13476794667	-328726.7167393858
0.8	-28319.172302106395	-179235.196779039	-355124.9032580812
0.9	-21414.12812388476	-176110.0122695735	-337992.63363864337
1.	-15687.576389034071	-153440.53567433756	-291363.1341599301
1.1	-11070.66907634975	-120381.6906328899	-229269.66189602754
1.2000000000000002	-7494.576128510552	-86088.38282090602	-165745.49188490535
1.3000000000000003	-4890.47854289269	-59715.50685936389	-114823.91021923062
1.4000000000000001	-3099.4785287617415	-43556.910953039915	-84442.9426015531
1.5000000000000002	-1920.9356445782676	-30702.103034819713	-60045.87331422761
1.6	-1165.4898171340722	-20776.203755219598	-41038.74425843088
1.7000000000000002	-684.3698049429413	-14533.695318024493	-29999.05624616648
1.8000000000000003	-378.26233339526215	-10652.354558140993	-22581.114043126105
1.9000000000000001	-181.15076893113883	-6797.154009538042	-14708.649236781113
2.	-62.403541538433075	-3660.6100030542043	-8412.673351850843
2.1	-3.218944840098174	-1619.2284180185216	-4102.881361193411
2.2	19.662913876646044	-530.117552594861	-1652.9961443019665
2.3000000000000003	24.021916333806388	-71.45111643462239	-507.9641065987932
2.4000000000000004	22.861732738162754	25.745336217839743	-99.95550201464214
2.5000000000000004	19.836954354597914	14.841136563283056	-9.588579974293733
2.6	16.380389419876586	5.936888185254895	3.406631299465284
2.7	13.050277154990853	1.6257637782136232	12.780925172890457
2.8000000000000003	10.033589143741716	-0.12287355778082953	18.913236043509645
2.9000000000000004	7.410268377467556	-0.5273863249872057	21.867740356681033
3.0000000000000004	5.2171627673067205	-0.259894504025284	22.732423200526657
3.1	3.452687519303103	0.3029914158819871	22.343783829378562
3.2	2.0841892338125847	0.9490287863151643	21.225246722141964
3.3000000000000003	1.061716882575507	1.558624710412636	19.691948526658134
3.4000000000000004	0.3301562335915086	2.0638816550802366	17.93981118086828
3.5000000000000004	-0.16294278723163702	2.42797261244284	16.100361771176416
3.6	-0.46403649721785845	2.634030643292392	14.267865520305499
3.7	-0.612463956827101	2.680237335096212	12.508690890050456
3.8000000000000003	-0.641366215721222	2.5763397144916462	10.86233555961629
3.9000000000000004	-0.5790195822491447	2.341912115424325	9.342703849416388
4.	-0.4503197070990036	2.0047176604304298	7.944403530672397
4.1	-0.27780481308882676	1.5989160177079242	6.652472513002097
4.2	-0.08165726839091503	1.1633244832443805	5.454150990308632
4.3	0.1208078679715634	0.7361970005255316	4.346661887332353
4.3999999999999995	0.31581064674406056	0.35076824572275755	3.3382369907782357
4.5	0.49346147402920904	0.029472175342469598	2.4433531863964437
4.6	0.6471495442046059	-0.21954167804443703	1.67510785095581
4.7	0.7729762602306044	-0.40122741931058115	1.0405058749878728
4.8	0.8680176390557314	-0.529345772355234	0.5394899205003517
4.9	0.9297594430167001	-0.6192445861097677	0.16616720373565208
5.	0.9560975713435088	-0.6813581783903699	-0.09001273921527353
5.1	0.9457993478829024	-0.7178294600424795	-0.24343843636359053
5.2	0.8997301831357846	-0.7232759857013542	-0.31126338663632647
5.3	0.8216233766759266	-0.6901157705152936	-0.311049365405491
5.4	0.718129846883465	-0.614299217837109	-0.2587714706876333
5.5	0.5983580635082556	-0.5000193451879507	-0.1675889196289636
5.6	0.47290106081245775	-0.36032578187581565	-0.04825494253035789
5.7	0.35214691514328333	-0.21405317722925188	0.08960321434547447
5.8	0.24510158708996088	-0.0809583292677234	0.23640951083668638
5.9	0.1586205370567738	0.023041113146002767	0.38212667989551474
6.	0.09679591117844943	0.08852716062034749	0.5166672147346837
6.1	0.06095504356723236	0.11365807097084224	0.6305061515122073
6.2	0.049864829612737416	0.10288908168936528	0.7161651956385399
6.3	0.059939107609907505	0.06476871359781755	0.7685224826384526
6.4	0.08641340585383561	0.009791507582285197	0.78562899574563
6.5	0.12370410777299312	-0.05226460067731009	0.7686070189475421
6.6	0.1662799143333058	-0.11300489406354197	0.7214466088753274
6.7	0.20927441709789485	-0.16638869606621987	0.6500824649259295
6.8	0.24853807081485335	-0.2087300737411194	0.5615244798524774
6.9	0.2811505727813036	-0.23798158893699073	0.46324393799143004
7.	0.30521517595007264	-0.25383568888514274	0.36230235697313096
7.1	0.32001339380143834	-0.25680436822385855	0.26484072153294125
7.2	0.3252870142529575	-0.24826899059664254	0.1759757781936413
7.3	0.3219048217586734	-0.23012317798495363	0.09928938610734117
7.4	0.3109404789478344	-0.20477208918326095	0.03718614968914913
7.5	0.2938263387026915	-0.17467194070484615	-0.009208718397201832
7.6	0.2721999176299502	-0.14227885881602087	-0.039946974172856864
7.7	0.247749942266837	-0.10994612391405634	-0.055950585893658866
7.8	0.22196084218203727	-0.07961749497858567	-0.05911366907890381
7.9	0.19626606944605507	-0.05267341784270829	-0.05163726751505682
8.	0.1716897822508333	-0.030033459816400265	-0.0362852895638025
8.1	0.1490005833103506	-0.012002957185170748	-0.01592362820041382
8.2	0.12886438200075856	0.0016764426728803627	0.006632700287317439
8.3	0.11153823361757342	0.011467406053123685	0.029030056737177845
8.4	0.09727900031795	0.018088885402147703	0.04901698925703257
8.5	0.08598499857529363	0.022362491486453306	0.06510968224658498
8.6	0.07765775231716954	0.024801841305292394	0.07628585806615251
8.7	0.07219541699285403	0.026023804092663916	0.08203415086718069
8.8	0.06939413766480873	0.026183954949019705	0.08240665681684278
8.9	0.06894745615538822	0.02554016256745162	0.07781357858287385
9.	0.07059977867128941	0.024145451946752106	0.06897193398662649
9.1	0.07389084657052591	0.022052246382249452	0.057008356941060545
9.2	0.07835946392352966	0.019466876142121614	0.04279259363790866
9.3	0.08354457838228058	0.016492456082144225	0.027604054812557788
9.4	0.08888225561288765	0.013539002786305376	0.01241450856603965
9.5	0.09385939178721037	0.010811435684692339	-0.0018558267358691483
9.6	0.09801405094788307	0.008718849888429414	-0.01459389502744246
9.700000000000001	0.10093507560575932	0.007670240386818183	-0.025187052566207457
9.8	0.10246728504644076	0.007869400023807205	-0.033380958936640504
9.9	0.10235296267125182	0.00941758102454704	-0.03907500039810963
10.	0.10069275835316926	0.012364591131979297	-0.042475667631976965
10.1	0.09768965778494221	0.016555398572341784	-0.04378949540473054
10.200000000000001	0.09354666421648616	0.02183492348597138	-0.04347895169458549
10.3	0.08862043581726298	0.027740917764275563	-0.042006419753615964
10.4	0.08326779156630215	0.03396468140312825	-0.03983412152117205
10.5	0.07794806430562617	0.040095214906382015	-0.03757771651366504
10.6	0.07301845053665124	0.045823936753676575	-0.03564785902755652
10.700000000000001	0.06883625699105989	0.05079130625639894	-0.03460866399341722
10.8	0.06560553188211538	0.05489381366030699	-0.0346144138720621
10.9	0.0634281900940662	0.057925753821049586	-0.035972714406389494
11.	0.06240633840383247	0.059886453814977925	-0.038735029012407995
11.1	0.06259130144611558	0.06087769640697427	-0.04285003288798306
11.200000000000001	0.06372740701255741	0.06084804428285451	-0.04811268782926226
11.3	0.0658664634120446	0.06010454365938667	-0.054164044638344566
11.4	0.06859983058973729	0.0588008899246345	-0.06064489257190686
11.5	0.07177499963914047	0.05693748750115901	-0.0670422693081223
11.6	0.07518866206033459	0.05477072862201049	-0.0729963921912068
11.700000000000001	0.07858633043371455	0.05250618949796937	-0.07794270721951602
11.8	0.081713772341094	0.05009357621558197	-0.08146997625378971
11.9	0.08447060242721927	0.04778973162639244	-0.08326906351916896
12.	0.08675636068292158	0.04585157323586042	-0.0830309078947099
12.1	0.0884705155299903	0.04453609011848714	-0.08044651982851059
12.200000000000001	0.08951246675432845	0.04410033998466034	-0.07520697840455504
12.3	0.08978154829603169	0.04480144639057493	-0.06700342855263508
12.4	0.08917703090445994	0.04689659608316188	-0.055527078393278084
12.5	0.08759812466586703	0.050643036472457825	-0.040469196710117505
12.6	0.08494398141066639	0.05629807322434022	-0.021521110542627175
12.700000000000001	0.08111369700696935	0.06411906796698841	0.0016257971074172817
12.8	0.0760063135466108	0.07436343610485796	0.0292800894619627
12.9	0.06952082142950278	0.08728864473432785	0.06175027805103428
13.	0.06155616135178421	0.10315221065554958	0.09934482470088335
13.1	0.05201122620291143	0.12221169847535773	0.14237214343107918
13.200000000000001	0.0407848628765175	0.14472471879641002	0.19114060226536866
13.3	0.027775873999580036	0.17094892648801907	0.24595852496084003
13.4	0.012883019584159272	0.20114201903441575	0.3071341926596669
13.5	-0.00399498139426957	0.2355617349564152	0.37497584546743756
13.6	-0.02295944948811879	0.2744658523027206	0.4497916839618523
13.700000000000001	-0.04411174333506518	0.31811218720729983	0.5318898706353488
13.8	-0.06755325827814784	0.36675859250948206	0.6215785312749971
13.9	-0.09338542504543301	0.4206629564336245	0.7191657562828453
14.	-0.12170970848626195	0.48008320132535887	0.824959601939665
14.1	-0.15262760636127715	0.5452772824416188	0.9392680916149257
14.200000000000001	-0.18624064818357466	0.616503186791791	1.0623992169256486
14.3	-0.22265039410847443	0.6940189320274852	1.1946609388466196
14.4	-0.26195843386955964	0.7780825653785763	1.336361188774371
14.5	-0.3042663857587332	0.8689521626332575	1.4878078695471126
14.6	-0.34967589564819435	0.9668858271600189	1.649308856422758
14.700000000000001	-0.39828863605233333	1.072141688969542	1.821171998017034
14.8	-0.4502063052276549	1.1849779038146209	2.0037051172035407
14.9	-0.5055306263089533	1.3056526523263412	2.1972160119775994
15.	-0.564363346480033	1.4344241391847978	2.4020124562855187
