0 0
0.01 0
0.02 0
0.03 0
0.04 0
0.05 0
0.06 0
0.07 0
0.08 0
0.09 0
0.1 0
0.11 0
0.12 0
0.13 0
0.14 0
0.15 0
0.16 0
0.17 0
0.18 0
0.19 0
0.2 0
0.21 0
0.22 0
0.23 0
0.24 0
0.25 0
0.26 0
0.27 0
0.28 0
0.29 0
0.3 0
0.31 0
0.32 0
0.33 0
0.34 0
0.35 0
0.36 0
0.37 0
0.38 0
0.39 0
0.4 0
0.41 0
0.42 0
0.43 0
0.44 0
0.45 0
0.46 0
0.47 0
0.48 0
0.49 0
0.5 0
0.51 0
0.52 0
0.53 0
0.54 0
0.55 0
0.56 0
0.57 0
0.58 0
0.59 0
0.6 0
0.61 0
0.62 0
0.63 0
0.64 0
0.65 0
0.66 0
0.67 0
0.68 0
0.69 0
0.7 0
0.71 0
0.72 0
0.73 0
0.74 0
0.75 0
0.76 0
0.77 0
0.78 0
0.79 0
0.8 0
0.81 0
0.82 0
0.83 0
0.84 0
0.85 0
0.86 0
0.87 0
0.88 0
0.89 0
0.9 0
0.91 0
0.92 0
0.93 0
0.94 0
0.95 0
0.96 0
0.97 0
0.98 0
0.99 0
1 0
1.01 0
1.02 0
1.03 0
1.04 0
1.05 0
1.06 0
1.07 0
1.08 0
1.09 0
1.1 0
1.11 -0.001041
1.12 -0.003034
1.13 -0.004669
1.14 -0.005262
1.15 -0.00474
1.16 -0.003481
1.17 -0.002076
1.18 -0.001073
1.19 -0.000797
1.2 -0.001263
1.21 -0.002266
1.22 -0.003565
1.23 -0.004908
1.24 -0.006056
1.25 -0.006804
1.26 -0.006978
1.27 -0.006449
1.28 -0.005133
1.29 -0.002996
1.3 -5.6e-05
1.31 0.003623
1.32 0.007929
1.33 0.012712
1.34 0.017787
1.35 0.022944
1.36 0.027957
1.37 0.032593
1.38 0.036623
1.39 0.03983
1.4 0.04202
1.41 0.043029
1.42 0.042732
1.43 0.041046
1.44 0.037938
1.45 0.033424
1.46 0.02757
1.47 0.020491
1.48 0.01235
1.49 0.003348
1.5 -0.006279
1.51 -0.016267
1.52 -0.026335
1.53 -0.036194
1.54 -0.045558
1.55 -0.054148
1.56 -0.061709
1.57 -0.068013
1.58 -0.072867
1.59 -0.076123
1.6 -0.07768
1.61 -0.077484
1.62 -0.075535
1.63 -0.071885
1.64 -0.066632
1.65 -0.059921
1.66 -0.051936
1.67 -0.042893
1.68 -0.033035
1.69 -0.02262
1.7 -0.011916
1.71 -0.001189
1.72 0.009306
1.73 0.019329
1.74 0.028667
1.75 0.03714
1.76 0.044604
1.77 0.050955
1.78 0.056135
1.79 0.060126
1.8 0.062956
1.81 0.064694
1.82 0.065442
1.83 0.065339
1.84 0.064547
1.85 0.063245
1.86 0.061628
1.87 0.059891
1.88 0.058227
1.89 0.056816
1.9 0.055824
1.91 0.055387
1.92 0.055618
1.93 0.056593
1.94 0.058355
1.95 0.060911
1.96 0.064231
1.97 0.068253
1.98 0.072882
1.99 0.078
2 0.083465
2.01 0.08912
2.02 0.094804
2.03 0.10035
2.04 0.1056
2.05 0.110407
2.06 0.114644
2.07 0.118209
2.08 0.121026
2.09 0.123052
2.1 0.124277
2.11 0.124725
2.12 0.124451
2.13 0.12354
2.14 0.122101
2.15 0.120264
2.16 0.11817
2.17 0.11597
2.18 0.113809
2.19 0.111826
2.2 0.110142
2.21 0.108854
2.22 0.108033
2.23 0.107715
2.24 0.107899
2.25 0.10855
2.26 0.109597
2.27 0.110934
2.28 0.112433
2.29 0.113944
2.3 0.115307
2.31 0.116362
2.32 0.116964
2.33 0.116989
2.34 0.116354
2.35 0.115021
2.36 0.113015
2.37 0.11043
2.38 0.107437
2.39 0.104291
2.4 0.101329
2.41 0.098973
2.42 0.097725
2.43 0.098155
2.44 0.100896
2.45 0.106626
2.46 0.116053
2.47 0.129893
2.48 0.148853
2.49 0.173606
2.5 0.20477
2.51 0.242888
2.52 0.288402
2.53 0.341642
2.54 0.402803
2.55 0.471935
2.56 0.548934
2.57 0.633534
2.58 0.725308
2.59 0.823672
2.6 0.92789
2.61 1.037086
2.62 1.15026
2.63 1.266306
2.64 1.384035
2.65 1.502197
2.66 1.619507
2.67 1.734671
2.68 1.846411
2.69 1.953493
2.7 2.054752
2.71 2.149111
2.72 2.235602
2.73 2.313386
2.74 2.381766
2.75 2.440196
2.76 2.488288
2.77 2.525818
2.78 2.552719
2.79 2.569085
2.8 2.575158
2.81 2.571316
2.82 2.558067
2.83 2.536025
2.84 2.505899
2.85 2.468472
2.86 2.424581
2.87 2.375101
2.88 2.320922
2.89 2.262936
2.9 2.202012
2.91 2.138991
2.92 2.074663
2.93 2.00976
2.94 1.944948
2.95 1.880819
2.96 1.817883
2.97 1.756574
2.98 1.697242
2.99 1.640162
3 1.585534
3.01 1.53349
3.02 1.484101
3.03 1.437384
3.04 1.393313
3.05 1.351823
3.06 1.312823
3.07 1.276202
3.08 1.241835
3.09 1.209594
3.1 1.17935
3.11 1.150977
3.12 1.12436
3.13 1.099393
3.14 1.075983
3.15 1.054048
3.16 1.03352
3.17 1.014342
3.18 0.996463
3.19 0.979842
3.2 0.964443
3.21 0.950231
3.22 0.937172
3.23 0.925232
3.24 0.914373
3.25 0.904552
3.26 0.895722
3.27 0.88783
3.28 0.880821
3.29 0.874632
3.3 0.869198
3.31 0.864452
3.32 0.860326
3.33 0.856752
3.34 0.853664
3.35 0.851002
3.36 0.848707
3.37 0.846729
3.38 0.845024
3.39 0.843554
3.4 0.842291
3.41 0.841213
3.42 0.840306
3.43 0.839564
3.44 0.838985
3.45 0.838573
3.46 0.838337
3.47 0.838289
3.48 0.838441
3.49 0.838807
3.5 0.839401
3.51 0.840234
3.52 0.841315
3.53 0.84265
3.54 0.844243
3.55 0.846093
3.56 0.848193
3.57 0.850536
3.58 0.853107
3.59 0.855892
3.6 0.858872
3.61 0.862024
3.62 0.865328
3.63 0.868758
3.64 0.872292
3.65 0.875907
3.66 0.87958
3.67 0.883293
3.68 0.887027
3.69 0.890767
3.7 0.894502
3.71 0.898221
3.72 0.901919
3.73 0.905593
3.74 0.909242
3.75 0.912868
3.76 0.916475
3.77 0.920069
3.78 0.923657
3.79 0.927245
3.8 0.930841
3.81 0.934453
3.82 0.938087
3.83 0.941749
3.84 0.945442
3.85 0.949168
3.86 0.952929
3.87 0.956724
3.88 0.960548
3.89 0.964399
3.9 0.968268
3.91 0.97215
3.92 0.976035
3.93 0.979916
3.94 0.983782
3.95 0.987624
3.96 0.991435
3.97 0.995205
3.98 0.998928
3.99 1.002599
4 1.006212
4.01 1.009766
4.02 1.013258
4.03 1.01669
4.04 1.020063
4.05 1.02338
4.06 1.026646
4.07 1.029865
4.08 1.033043
4.09 1.036186
4.1 1.0393
4.11 1.04239
4.12 1.045461
4.13 1.048517
4.14 1.051562
4.15 1.054596
4.16 1.057621
4.17 1.060635
4.18 1.063635
4.19 1.066618
4.2 1.069578
4.21 1.072508
4.22 1.075401
4.23 1.078248
4.24 1.08104
4.25 1.083768
4.26 1.086422
4.27 1.088993
4.28 1.091472
4.29 1.093851
4.3 1.096122
4.31 1.098278
4.32 1.100315
4.33 1.102227
4.34 1.104013
4.35 1.105671
4.36 1.107199
4.37 1.108599
4.38 1.109873
4.39 1.111022
4.4 1.112052
4.41 1.112966
4.42 1.113768
4.43 1.114465
4.44 1.115061
4.45 1.115561
4.46 1.115972
4.47 1.116297
4.48 1.116541
4.49 1.116709
4.5 1.116804
4.51 1.116829
4.52 1.116785
4.53 1.116674
4.54 1.116497
4.55 1.116254
4.56 1.115944
4.57 1.115564
4.58 1.115114
4.59 1.11459
4.6 1.113988
4.61 1.113305
4.62 1.112536
4.63 1.111676
4.64 1.110722
4.65 1.109667
4.66 1.108507
4.67 1.107237
4.68 1.105853
4.69 1.104351
4.7 1.102726
4.71 1.100977
4.72 1.0991
4.73 1.097096
4.74 1.094963
4.75 1.092702
4.76 1.090316
4.77 1.087807
4.78 1.08518
4.79 1.082441
4.8 1.079595
4.81 1.076652
4.82 1.073618
4.83 1.070505
4.84 1.067321
4.85 1.064079
4.86 1.060788
4.87 1.05746
4.88 1.054105
4.89 1.050735
4.9 1.047358
4.91 1.043985
4.92 1.040623
4.93 1.03728
4.94 1.033961
4.95 1.030669
4.96 1.027409
4.97 1.024182
4.98 1.020987
4.99 1.017823
5 1.014687
5.01 1.011575
5.02 1.008483
5.03 1.005406
5.04 1.002336
5.05 0.999269
5.06 0.996198
5.07 0.993116
5.08 0.990019
5.09 0.986902
5.1 0.983762
5.11 0.980595
5.12 0.9774
5.13 0.974178
5.14 0.970929
5.15 0.967656
5.16 0.964362
5.17 0.961054
5.18 0.957737
5.19 0.954419
5.2 0.951106
5.21 0.947808
5.22 0.944534
5.23 0.941291
5.24 0.938089
5.25 0.934936
5.26 0.931841
5.27 0.928811
5.28 0.925852
5.29 0.92297
5.3 0.92017
5.31 0.917458
5.32 0.914835
5.33 0.912304
5.34 0.909868
5.35 0.907527
5.36 0.905282
5.37 0.903134
5.38 0.901082
5.39 0.899126
5.4 0.897266
5.41 0.895502
5.42 0.893835
5.43 0.892264
5.44 0.89079
5.45 0.889414
5.46 0.888137
5.47 0.88696
5.48 0.885885
5.49 0.884913
5.5 0.884045
5.51 0.883284
5.52 0.882629
5.53 0.882082
5.54 0.881643
5.55 0.881311
5.56 0.881086
5.57 0.880966
5.58 0.88095
5.59 0.881033
5.6 0.881215
5.61 0.88149
5.62 0.881855
5.63 0.882306
5.64 0.882838
5.65 0.883447
5.66 0.88413
5.67 0.884881
5.68 0.885699
5.69 0.88658
5.7 0.887522
5.71 0.888523
5.72 0.889583
5.73 0.890702
5.74 0.891879
5.75 0.893116
5.76 0.894415
5.77 0.895777
5.78 0.897205
5.79 0.8987
5.8 0.900264
5.81 0.901899
5.82 0.903607
5.83 0.905386
5.84 0.907238
5.85 0.909162
5.86 0.911154
5.87 0.913213
5.88 0.915334
5.89 0.917514
5.9 0.919746
5.91 0.922026
5.92 0.924346
5.93 0.9267
5.94 0.929082
5.95 0.931484
5.96 0.933902
5.97 0.93633
5.98 0.938762
5.99 0.941196
6 0.943627
6.01 0.946055
6.02 0.948479
6.03 0.9509
6.04 0.953318
6.05 0.955737
6.06 0.958159
6.07 0.960587
6.08 0.963027
6.09 0.965482
6.1 0.967955
6.11 0.97045
6.12 0.97297
6.13 0.975517
6.14 0.97809
6.15 0.980689
6.16 0.983311
6.17 0.985954
6.18 0.988611
6.19 0.991277
6.2 0.993942
6.21 0.996599
6.22 0.999237
6.23 1.001845
6.24 1.004414
6.25 1.006931
6.26 1.009387
6.27 1.011773
6.28 1.014079
6.29 1.016298
6.3 1.018425
6.31 1.020456
6.32 1.022388
6.33 1.024223
6.34 1.025962
6.35 1.02761
6.36 1.029172
6.37 1.030657
6.38 1.032073
6.39 1.03343
6.4 1.03474
6.41 1.036013
6.42 1.037259
6.43 1.038491
6.44 1.039717
6.45 1.040945
6.46 1.042183
6.47 1.043435
6.48 1.044704
6.49 1.045991
6.5 1.047293
6.51 1.048609
6.52 1.049931
6.53 1.051252
6.54 1.052563
6.55 1.053854
6.56 1.055112
6.57 1.056327
6.58 1.057485
6.59 1.058576
6.6 1.059587
6.61 1.060509
6.62 1.061334
6.63 1.062054
6.64 1.062665
6.65 1.063165
6.66 1.063553
6.67 1.06383
6.68 1.064001
6.69 1.064073
6.7 1.064052
6.71 1.063949
6.72 1.063774
6.73 1.063539
6.74 1.063255
6.75 1.062935
6.76 1.06259
6.77 1.062231
6.78 1.061868
6.79 1.06151
6.8 1.061163
6.81 1.060832
6.82 1.060521
6.83 1.06023
6.84 1.059959
6.85 1.059705
6.86 1.059463
6.87 1.059228
6.88 1.058992
6.89 1.058747
6.9 1.058485
6.91 1.058197
6.92 1.057874
6.93 1.057508
6.94 1.057091
6.95 1.056616
6.96 1.056078
6.97 1.055473
6.98 1.054798
6.99 1.054052
7 1.053237
7.01 1.052353
7.02 1.051404
7.03 1.050396
7.04 1.049333
7.05 1.048223
7.06 1.047071
7.07 1.045887
7.08 1.044677
7.09 1.043449
7.1 1.04221
7.11 1.040966
7.12 1.039723
7.13 1.038486
7.14 1.037259
7.15 1.036043
7.16 1.034842
7.17 1.033656
7.18 1.032485
7.19 1.031328
7.2 1.030183
7.21 1.029048
7.22 1.027921
7.23 1.026799
7.24 1.02568
7.25 1.024559
7.26 1.023436
7.27 1.022307
7.28 1.021172
7.29 1.020028
7.3 1.018875
7.31 1.017714
7.32 1.016545
7.33 1.015368
7.34 1.014186
7.35 1.013
7.36 1.011813
7.37 1.010627
7.38 1.009446
7.39 1.008272
7.4 1.007108
7.41 1.005958
7.42 1.004824
7.43 1.003708
7.44 1.002613
7.45 1.001542
7.46 1.000495
7.47 0.999475
7.48 0.998483
7.49 0.997519
7.5 0.996584
7.51 0.99568
7.52 0.994805
7.53 0.993961
7.54 0.993146
7.55 0.992361
7.56 0.991606
7.57 0.990879
7.58 0.99018
7.59 0.989509
7.6 0.988865
7.61 0.988247
7.62 0.987654
7.63 0.987086
7.64 0.986541
7.65 0.986019
7.66 0.985518
7.67 0.985038
7.68 0.984576
7.69 0.984133
7.7 0.983708
7.71 0.983298
7.72 0.982904
7.73 0.982523
7.74 0.982156
7.75 0.981802
7.76 0.98146
7.77 0.98113
7.78 0.980811
7.79 0.980503
7.8 0.980208
7.81 0.979924
7.82 0.979653
7.83 0.979395
7.84 0.97915
7.85 0.978921
7.86 0.978708
7.87 0.978511
7.88 0.978333
7.89 0.978174
7.9 0.978035
7.91 0.977917
7.92 0.977821
7.93 0.977748
7.94 0.977698
7.95 0.977672
7.96 0.97767
7.97 0.977692
7.98 0.977738
7.99 0.977808
8 0.977901
8.01 0.978017
8.02 0.978155
8.03 0.978314
8.04 0.978493
8.05 0.978691
8.06 0.978908
8.07 0.979141
8.08 0.979391
8.09 0.979655
8.1 0.979932
8.11 0.980223
8.12 0.980525
8.13 0.980837
8.14 0.981159
8.15 0.981489
8.16 0.981827
8.17 0.982172
8.18 0.982522
8.19 0.982878
8.2 0.983239
8.21 0.983603
8.22 0.98397
8.23 0.984339
8.24 0.98471
8.25 0.985083
8.26 0.985456
8.27 0.985829
8.28 0.986202
8.29 0.986574
8.3 0.986944
8.31 0.987313
8.32 0.987681
8.33 0.988046
8.34 0.98841
8.35 0.988771
8.36 0.98913
8.37 0.989488
8.38 0.989843
8.39 0.990196
8.4 0.990548
8.41 0.990898
8.42 0.991248
8.43 0.991596
8.44 0.991944
8.45 0.992292
8.46 0.992639
8.47 0.992987
8.48 0.993335
8.49 0.993682
8.5 0.994031
8.51 0.994379
8.52 0.994728
8.53 0.995076
8.54 0.995424
8.55 0.995772
8.56 0.996118
8.57 0.996463
8.58 0.996806
8.59 0.997147
8.6 0.997484
8.61 0.997818
8.62 0.998148
8.63 0.998474
8.64 0.998794
8.65 0.999108
8.66 0.999416
8.67 0.999718
8.68 1.000011
8.69 1.000298
8.7 1.000576
8.71 1.000845
8.72 1.001105
8.73 1.001357
8.74 1.001598
8.75 1.00183
8.76 1.002051
8.77 1.002262
8.78 1.002462
8.79 1.002652
8.8 1.00283
8.81 1.002997
8.82 1.003153
8.83 1.003298
8.84 1.003432
8.85 1.003554
8.86 1.003665
8.87 1.003765
8.88 1.003855
8.89 1.003933
8.9 1.004001
8.91 1.00406
8.92 1.004108
8.93 1.004147
8.94 1.004177
8.95 1.004199
8.96 1.004212
8.97 1.004218
8.98 1.004217
8.99 1.004209
9 1.004195
9.01 1.004175
9.02 1.00415
9.03 1.004119
9.04 1.004083
9.05 1.004043
9.06 1.003998
9.07 1.003949
9.08 1.003895
9.09 1.003837
9.1 1.003774
9.11 1.003707
9.12 1.003635
9.13 1.003559
9.14 1.003478
9.15 1.003393
9.16 1.003303
9.17 1.003208
9.18 1.003108
9.19 1.003005
9.2 1.002897
9.21 1.002785
9.22 1.00267
9.23 1.002552
9.24 1.002431
9.25 1.002308
9.26 1.002183
9.27 1.002058
9.28 1.001932
9.29 1.001807
9.3 1.001683
9.31 1.00156
9.32 1.001439
9.33 1.001321
9.34 1.001206
9.35 1.001094
9.36 1.000986
9.37 1.000881
9.38 1.00078
9.39 1.000682
9.4 1.000588
9.41 1.000497
9.42 1.000408
9.43 1.000322
9.44 1.000238
9.45 1.000154
9.46 1.000072
9.47 0.99999
9.48 0.999907
9.49 0.999824
9.5 0.99974
9.51 0.999654
9.52 0.999567
9.53 0.999478
9.54 0.999387
9.55 0.999295
9.56 0.999201
9.57 0.999106
9.58 0.99901
9.59 0.998914
9.6 0.998819
9.61 0.998724
9.62 0.998631
9.63 0.998541
9.64 0.998453
9.65 0.99837
9.66 0.998291
9.67 0.998217
9.68 0.99815
9.69 0.998089
9.7 0.998034
9.71 0.997987
9.72 0.997948
9.73 0.997917
9.74 0.997893
9.75 0.997878
9.76 0.99787
9.77 0.99787
9.78 0.997878
9.79 0.997893
9.8 0.997915
9.81 0.997944
9.82 0.997978
9.83 0.998018
9.84 0.998063
9.85 0.998113
9.86 0.998167
9.87 0.998225
9.88 0.998285
9.89 0.998349
9.9 0.998415
9.91 0.998482
9.92 0.998551
9.93 0.998621
9.94 0.998692
9.95 0.998764
9.96 0.998835
9.97 0.998907
9.98 0.998978
9.99 0.999049
10 0.999119
10.01 0.999188
10.02 0.999257
10.03 0.999325
10.04 0.999392
10.05 0.999458
10.06 0.999523
10.07 0.999588
10.08 0.999652
10.09 0.999716
10.1 0.999781
10.11 0.999845
10.12 0.999911
10.13 0.999978
10.14 1.000046
10.15 1.000116
10.16 1.000189
10.17 1.000264
10.18 1.000343
10.19 1.000425
10.2 1.000511
10.21 1.000602
10.22 1.000697
10.23 1.000797
10.24 1.000901
10.25 1.00101
10.26 1.001124
10.27 1.001242
10.28 1.001364
10.29 1.001489
10.3 1.001618
10.31 1.001749
10.32 1.001881
10.33 1.002015
10.34 1.002149
10.35 1.002283
10.36 1.002415
10.37 1.002545
10.38 1.002673
10.39 1.002796
10.4 1.002915
10.41 1.003029
10.42 1.003138
10.43 1.00324
10.44 1.003336
10.45 1.003426
10.46 1.003508
10.47 1.003583
10.48 1.003651
10.49 1.003713
10.5 1.003767
10.51 1.003816
10.52 1.003858
10.53 1.003895
10.54 1.003926
10.55 1.003953
10.56 1.003975
10.57 1.003994
10.58 1.00401
10.59 1.004023
10.6 1.004033
10.61 1.004042
10.62 1.004049
10.63 1.004055
10.64 1.004061
10.65 1.004065
10.66 1.00407
10.67 1.004074
10.68 1.004079
10.69 1.004083
10.7 1.004088
10.71 1.004093
10.72 1.004098
10.73 1.004103
10.74 1.004109
10.75 1.004115
10.76 1.004122
10.77 1.004128
10.78 1.004135
10.79 1.004141
10.8 1.004147
10.81 1.004153
10.82 1.004158
10.83 1.004162
10.84 1.004165
10.85 1.004167
10.86 1.004166
10.87 1.004164
10.88 1.004159
10.89 1.00415
10.9 1.004138
10.91 1.004123
10.92 1.004102
10.93 1.004076
10.94 1.004045
10.95 1.004008
10.96 1.003964
10.97 1.003914
10.98 1.003857
10.99 1.003792
11 1.00372
11.01 1.00364
11.02 1.003553
11.03 1.003459
11.04 1.003357
11.05 1.003249
11.06 1.003135
11.07 1.003014
11.08 1.002889
11.09 1.00276
11.1 1.002627
11.11 1.002491
11.12 1.002353
11.13 1.002213
11.14 1.002074
11.15 1.001935
11.16 1.001797
11.17 1.001661
11.18 1.001527
11.19 1.001397
11.2 1.00127
11.21 1.001147
11.22 1.001028
11.23 1.000914
11.24 1.000804
11.25 1.000699
11.26 1.000598
11.27 1.000501
11.28 1.000409
11.29 1.000319
11.3 1.000234
11.31 1.000151
11.32 1.00007
11.33 0.999992
11.34 0.999915
11.35 0.999839
11.36 0.999765
11.37 0.99969
11.38 0.999616
11.39 0.999541
11.4 0.999465
11.41 0.999389
11.42 0.999312
11.43 0.999234
11.44 0.999154
11.45 0.999074
11.46 0.998991
11.47 0.998908
11.48 0.998823
11.49 0.998736
11.5 0.998649
11.51 0.99856
11.52 0.99847
11.53 0.998378
11.54 0.998286
11.55 0.998193
11.56 0.998098
11.57 0.998004
11.58 0.997908
11.59 0.997812
11.6 0.997716
11.61 0.997619
11.62 0.997523
11.63 0.997427
11.64 0.997332
11.65 0.997237
11.66 0.997144
11.67 0.997052
11.68 0.996962
11.69 0.996875
11.7 0.99679
11.71 0.996708
11.72 0.996629
11.73 0.996554
11.74 0.996484
11.75 0.996418
11.76 0.996356
11.77 0.996301
11.78 0.99625
11.79 0.996206
11.8 0.996167
11.81 0.996134
11.82 0.996108
11.83 0.996088
11.84 0.996075
11.85 0.996068
11.86 0.996067
11.87 0.996072
11.88 0.996083
11.89 0.9961
11.9 0.996123
11.91 0.996151
11.92 0.996185
11.93 0.996223
11.94 0.996265
11.95 0.996312
11.96 0.996362
11.97 0.996416
11.98 0.996472
11.99 0.996532
12 0.996593
12.01 0.996655
12.02 0.996719
12.03 0.996784
12.04 0.996849
12.05 0.996914
12.06 0.996978
12.07 0.997041
12.08 0.997103
12.09 0.997163
12.1 0.997221
12.11 0.997276
12.12 0.997328
12.13 0.997377
12.14 0.997424
12.15 0.997466
12.16 0.997506
12.17 0.997543
12.18 0.997576
12.19 0.997606
12.2 0.997634
12.21 0.99766
12.22 0.997685
12.23 0.997708
12.24 0.99773
12.25 0.997753
12.26 0.997776
12.27 0.997801
12.28 0.997828
12.29 0.997858
12.3 0.997891
12.31 0.997928
12.32 0.99797
12.33 0.998017
12.34 0.998069
12.35 0.998127
12.36 0.99819
12.37 0.998259
12.38 0.998334
12.39 0.998414
12.4 0.998499
12.41 0.998588
12.42 0.998681
12.43 0.998778
12.44 0.998877
12.45 0.998977
12.46 0.999078
12.47 0.999179
12.48 0.999279
12.49 0.999377
12.5 0.999473
12.51 0.999565
12.52 0.999653
12.53 0.999736
12.54 0.999814
12.55 0.999887
12.56 0.999954
12.57 1.000016
12.58 1.000072
12.59 1.000123
12.6 1.000169
12.61 1.00021
12.62 1.000247
12.63 1.00028
12.64 1.000311
12.65 1.000339
12.66 1.000366
12.67 1.000392
12.68 1.000417
12.69 1.000443
12.7 1.00047
12.71 1.000499
12.72 1.000529
12.73 1.000562
12.74 1.000597
12.75 1.000635
12.76 1.000675
12.77 1.000718
12.78 1.000764
12.79 1.000811
12.8 1.000861
12.81 1.000913
12.82 1.000966
12.83 1.001019
12.84 1.001074
12.85 1.001128
12.86 1.001182
12.87 1.001234
12.88 1.001286
12.89 1.001335
12.9 1.001383
12.91 1.001428
12.92 1.001471
12.93 1.001511
12.94 1.001548
12.95 1.001582
12.96 1.001612
12.97 1.00164
12.98 1.001664
12.99 1.001685
13 1.001703
13.01 1.001719
13.02 1.001731
13.03 1.001741
13.04 1.001749
13.05 1.001755
13.06 1.001758
13.07 1.00176
13.08 1.00176
13.09 1.001759
13.1 1.001757
13.11 1.001754
13.12 1.00175
13.13 1.001745
13.14 1.001741
13.15 1.001736
13.16 1.00173
13.17 1.001725
13.18 1.001721
13.19 1.001716
13.2 1.001712
13.21 1.001709
13.22 1.001706
13.23 1.001703
13.24 1.001701
13.25 1.0017
13.26 1.001698
13.27 1.001697
13.28 1.001696
13.29 1.001694
13.3 1.001692
13.31 1.001689
13.32 1.001685
13.33 1.001679
13.34 1.001672
13.35 1.001663
13.36 1.001652
13.37 1.001639
13.38 1.001623
13.39 1.001604
13.4 1.001583
13.41 1.001558
13.42 1.00153
13.43 1.0015
13.44 1.001467
13.45 1.001431
13.46 1.001393
13.47 1.001353
13.48 1.001311
13.49 1.001267
13.5 1.001222
13.51 1.001177
13.52 1.001131
13.53 1.001085
13.54 1.00104
13.55 1.000996
13.56 1.000952
13.57 1.00091
13.58 1.000869
13.59 1.00083
13.6 1.000792
13.61 1.000756
13.62 1.000722
13.63 1.000689
13.64 1.000658
13.65 1.000627
13.66 1.000598
13.67 1.000569
13.68 1.000541
13.69 1.000513
13.7 1.000484
13.71 1.000456
13.72 1.000427
13.73 1.000397
13.74 1.000366
13.75 1.000334
13.76 1.000302
13.77 1.000268
13.78 1.000234
13.79 1.000199
13.8 1.000164
13.81 1.000128
13.82 1.000093
13.83 1.000058
13.84 1.000024
13.85 0.99999
13.86 0.999958
13.87 0.999927
13.88 0.999898
13.89 0.99987
13.9 0.999844
13.91 0.99982
13.92 0.999798
13.93 0.999777
13.94 0.999758
13.95 0.999741
13.96 0.999724
13.97 0.999709
13.98 0.999694
13.99 0.99968
14 0.999666
14.01 0.999653
14.02 0.999639
14.03 0.999624
14.04 0.99961
14.05 0.999595
14.06 0.999579
14.07 0.999563
14.08 0.999547
14.09 0.999531
14.1 0.999515
14.11 0.9995
14.12 0.999486
14.13 0.999473
14.14 0.999461
14.15 0.999452
14.16 0.999445
14.17 0.99944
14.18 0.999439
14.19 0.999441
14.2 0.999446
14.21 0.999455
14.22 0.999466
14.23 0.999482
14.24 0.9995
14.25 0.999521
14.26 0.999544
14.27 0.999569
14.28 0.999596
14.29 0.999623
14.3 0.999651
14.31 0.999679
14.32 0.999705
14.33 0.999731
14.34 0.999754
14.35 0.999775
14.36 0.999793
14.37 0.999808
14.38 0.99982
14.39 0.999828
14.4 0.999833
14.41 0.999834
14.42 0.999831
14.43 0.999826
14.44 0.999818
14.45 0.999807
14.46 0.999795
14.47 0.999781
14.48 0.999766
14.49 0.99975
14.5 0.999735
14.51 0.99972
14.52 0.999706
14.53 0.999694
14.54 0.999683
14.55 0.999675
14.56 0.999669
14.57 0.999665
14.58 0.999664
14.59 0.999665
14.6 0.999669
14.61 0.999674
14.62 0.999682
14.63 0.999692
14.64 0.999703
14.65 0.999716
14.66 0.999729
14.67 0.999743
14.68 0.999757
14.69 0.999771
14.7 0.999784
14.71 0.999797
14.72 0.999809
14.73 0.99982
14.74 0.99983
14.75 0.999838
14.76 0.999846
14.77 0.999851
14.78 0.999856
14.79 0.999859
14.8 0.999861
14.81 0.999861
14.82 0.99986
14.83 0.999858
14.84 0.999855
14.85 0.999852
14.86 0.999847
14.87 0.999841
14.88 0.999834
14.89 0.999827
14.9 0.999819
14.91 0.99981
14.92 0.999801
14.93 0.999791
14.94 0.999781
14.95 0.99977
14.96 0.999759
14.97 0.999748
14.98 0.999738
14.99 0.999727
15 0.999717
15.01 0.999708
15.02 0.9997
15.03 0.999693
15.04 0.999687
15.05 0.999683
15.06 0.999681
15.07 0.999681
15.08 0.999683
15.09 0.999688
15.1 0.999694
15.11 0.999703
15.12 0.999714
15.13 0.999728
15.14 0.999743
15.15 0.99976
15.16 0.999778
15.17 0.999797
15.18 0.999817
15.19 0.999837
15.2 0.999857
15.21 0.999877
15.22 0.999895
15.23 0.999911
15.24 0.999926
15.25 0.999939
15.26 0.999949
15.27 0.999956
15.28 0.999961
15.29 0.999963
15.3 0.999962
15.31 0.999958
15.32 0.999952
15.33 0.999944
15.34 0.999934
15.35 0.999922
15.36 0.99991
15.37 0.999897
15.38 0.999885
15.39 0.999873
15.4 0.999862
15.41 0.999853
15.42 0.999847
15.43 0.999842
15.44 0.99984
15.45 0.999842
15.46 0.999846
15.47 0.999853
15.48 0.999864
15.49 0.999877
15.5 0.999893
15.51 0.999911
15.52 0.999931
15.53 0.999952
15.54 0.999974
15.55 0.999997
15.56 1.000019
15.57 1.00004
15.58 1.000061
15.59 1.000079
15.6 1.000095
15.61 1.000109
15.62 1.00012
15.63 1.000127
15.64 1.000132
15.65 1.000133
15.66 1.00013
15.67 1.000125
15.68 1.000116
15.69 1.000105
15.7 1.000091
15.71 1.000075
15.72 1.000057
15.73 1.000038
15.74 1.000018
15.75 0.999997
15.76 0.999976
15.77 0.999955
15.78 0.999935
15.79 0.999915
15.8 0.999896
15.81 0.999879
15.82 0.999863
15.83 0.999848
15.84 0.999835
15.85 0.999824
15.86 0.999814
15.87 0.999805
15.88 0.999798
15.89 0.999792
15.9 0.999787
15.91 0.999784
15.92 0.999781
15.93 0.999779
15.94 0.999778
15.95 0.999778
15.96 0.999778
15.97 0.999779
15.98 0.999781
15.99 0.999783
16 0.999785
16.01 0.999789
16.02 0.999792
16.03 0.999796
16.04 0.999801
16.05 0.999806
16.06 0.999811
16.07 0.999817
16.08 0.999822
16.09 0.999828
16.1 0.999833
16.11 0.999839
16.12 0.999844
16.13 0.999848
16.14 0.999852
16.15 0.999854
16.16 0.999856
16.17 0.999857
16.18 0.999856
16.19 0.999855
16.2 0.999852
16.21 0.999848
16.22 0.999843
16.23 0.999837
16.24 0.99983
16.25 0.999823
16.26 0.999816
16.27 0.999809
16.28 0.999803
16.29 0.999798
16.3 0.999794
16.31 0.999791
16.32 0.99979
16.33 0.999792
16.34 0.999797
16.35 0.999804
16.36 0.999814
16.37 0.999828
16.38 0.999844
16.39 0.999864
16.4 0.999887
16.41 0.999912
16.42 0.99994
16.43 0.999971
16.44 1.000003
16.45 1.000036
16.46 1.000071
16.47 1.000106
16.48 1.000141
16.49 1.000176
16.5 1.000209
16.51 1.000241
16.52 1.000271
16.53 1.000299
16.54 1.000324
16.55 1.000345
16.56 1.000364
16.57 1.000379
16.58 1.000391
16.59 1.0004
16.6 1.000405
16.61 1.000407
16.62 1.000406
16.63 1.000403
16.64 1.000397
16.65 1.000389
16.66 1.000379
16.67 1.000367
16.68 1.000355
16.69 1.000342
16.7 1.000328
16.71 1.000314
16.72 1.0003
16.73 1.000287
16.74 1.000274
16.75 1.000262
16.76 1.00025
16.77 1.000239
16.78 1.000229
16.79 1.00022
16.8 1.000212
16.81 1.000205
16.82 1.000199
16.83 1.000193
16.84 1.000188
16.85 1.000184
16.86 1.00018
16.87 1.000177
16.88 1.000175
16.89 1.000173
16.9 1.000172
16.91 1.000171
16.92 1.000171
16.93 1.000172
16.94 1.000173
16.95 1.000174
16.96 1.000177
16.97 1.00018
16.98 1.000184
16.99 1.000189
17 1.000194
17.01 1.0002
17.02 1.000206
17.03 1.000213
17.04 1.00022
17.05 1.000228
17.06 1.000236
17.07 1.000243
17.08 1.000251
17.09 1.000258
17.1 1.000265
17.11 1.000271
17.12 1.000277
17.13 1.000281
17.14 1.000285
17.15 1.000288
17.16 1.00029
17.17 1.000292
17.18 1.000292
17.19 1.000291
17.2 1.00029
17.21 1.000288
17.22 1.000285
17.23 1.000281
17.24 1.000278
17.25 1.000274
17.26 1.00027
17.27 1.000265
17.28 1.000261
17.29 1.000257
17.3 1.000253
17.31 1.000249
17.32 1.000245
17.33 1.000241
17.34 1.000238
17.35 1.000234
17.36 1.00023
17.37 1.000226
17.38 1.000221
17.39 1.000216
17.4 1.00021
17.41 1.000204
17.42 1.000196
17.43 1.000188
17.44 1.000179
17.45 1.000168
17.46 1.000156
17.47 1.000144
17.48 1.00013
17.49 1.000116
17.5 1.000101
17.51 1.000085
17.52 1.000069
17.53 1.000052
17.54 1.000036
17.55 1.00002
17.56 1.000004
17.57 0.999989
17.58 0.999975
17.59 0.999962
17.6 0.999949
17.61 0.999939
17.62 0.999929
17.63 0.999921
17.64 0.999914
17.65 0.999909
17.66 0.999905
17.67 0.999902
17.68 0.999899
17.69 0.999898
17.7 0.999897
17.71 0.999897
17.72 0.999897
17.73 0.999896
17.74 0.999896
17.75 0.999895
17.76 0.999893
17.77 0.999891
17.78 0.999887
17.79 0.999883
17.8 0.999878
17.81 0.999872
17.82 0.999865
17.83 0.999857
17.84 0.999849
17.85 0.99984
17.86 0.99983
17.87 0.999821
17.88 0.999811
17.89 0.999802
17.9 0.999794
17.91 0.999785
17.92 0.999778
17.93 0.999772
17.94 0.999767
17.95 0.999763
17.96 0.999761
17.97 0.99976
17.98 0.99976
17.99 0.999762
18 0.999765
18.01 0.999769
18.02 0.999775
18.03 0.999781
18.04 0.999788
18.05 0.999796
18.06 0.999804
18.07 0.999812
18.08 0.99982
18.09 0.999828
18.1 0.999836
18.11 0.999843
18.12 0.99985
18.13 0.999856
18.14 0.999861
18.15 0.999866
18.16 0.999869
18.17 0.999872
18.18 0.999874
18.19 0.999875
18.2 0.999875
18.21 0.999874
18.22 0.999873
18.23 0.999871
18.24 0.999868
18.25 0.999865
18.26 0.999862
18.27 0.999858
18.28 0.999855
18.29 0.999851
18.3 0.999847
18.31 0.999843
18.32 0.99984
18.33 0.999836
18.34 0.999832
18.35 0.999829
18.36 0.999826
18.37 0.999823
18.38 0.999821
18.39 0.999819
18.4 0.999817
18.41 0.999815
18.42 0.999814
18.43 0.999813
18.44 0.999812
18.45 0.999812
18.46 0.999812
18.47 0.999812
18.48 0.999813
18.49 0.999814
18.5 0.999816
18.51 0.999817
18.52 0.999819
18.53 0.999821
18.54 0.999823
18.55 0.999825
18.56 0.999827
18.57 0.99983
18.58 0.999832
18.59 0.999834
18.6 0.999836
18.61 0.999837
18.62 0.999839
18.63 0.99984
18.64 0.99984
18.65 0.999841
18.66 0.999841
18.67 0.999841
18.68 0.99984
18.69 0.99984
18.7 0.99984
18.71 0.99984
18.72 0.99984
18.73 0.99984
18.74 0.999842
18.75 0.999843
18.76 0.999846
18.77 0.99985
18.78 0.999856
18.79 0.999862
18.8 0.99987
18.81 0.99988
18.82 0.999891
18.83 0.999904
18.84 0.999919
18.85 0.999935
18.86 0.999953
18.87 0.999972
18.88 0.999993
18.89 1.000014
18.9 1.000037
18.91 1.000059
18.92 1.000083
18.93 1.000106
18.94 1.000129
18.95 1.000151
18.96 1.000172
18.97 1.000191
18.98 1.000209
18.99 1.000226
19 1.00024
19.01 1.000251
19.02 1.00026
19.03 1.000267
19.04 1.00027
19.05 1.000271
19.06 1.000269
19.07 1.000264
19.08 1.000257
19.09 1.000247
19.1 1.000234
19.11 1.00022
19.12 1.000203
19.13 1.000185
19.14 1.000166
19.15 1.000146
19.16 1.000125
19.17 1.000104
19.18 1.000083
19.19 1.000062
19.2 1.000042
19.21 1.000022
19.22 1.000004
19.23 0.999986
19.24 0.999971
19.25 0.999957
19.26 0.999944
19.27 0.999934
19.28 0.999925
19.29 0.999919
19.3 0.999914
19.31 0.999911
19.32 0.999911
19.33 0.999912
19.34 0.999914
19.35 0.999919
19.36 0.999925
19.37 0.999932
19.38 0.999941
19.39 0.999951
19.4 0.999962
19.41 0.999974
19.42 0.999986
19.43 1
19.44 1.000014
19.45 1.000028
19.46 1.000042
19.47 1.000057
19.48 1.000072
19.49 1.000087
19.5 1.000102
19.51 1.000116
19.52 1.00013
19.53 1.000143
19.54 1.000156
19.55 1.000169
19.56 1.00018
19.57 1.00019
19.58 1.0002
19.59 1.000208
19.6 1.000215
19.61 1.000221
19.62 1.000225
19.63 1.000228
19.64 1.000229
19.65 1.000229
19.66 1.000228
19.67 1.000224
19.68 1.000219
19.69 1.000213
19.7 1.000205
19.71 1.000195
19.72 1.000184
19.73 1.000171
19.74 1.000158
19.75 1.000143
19.76 1.000127
19.77 1.00011
19.78 1.000093
19.79 1.000074
19.8 1.000056
19.81 1.000037
19.82 1.000018
19.83 1
19.84 0.999981
19.85 0.999964
19.86 0.999947
19.87 0.99993
19.88 0.999915
19.89 0.999901
19.9 0.999889
19.91 0.999878
19.92 0.999868
19.93 0.99986
19.94 0.999854
19.95 0.99985
19.96 0.999847
19.97 0.999846
19.98 0.999847
19.99 0.999849
